7.500000e-01 0.000000e+00
7.500000e-01 7.812500e-03
7.500000e-01 1.562500e-02
7.500000e-01 2.343750e-02
7.500000e-01 3.125000e-02
7.500000e-01 3.906250e-02
7.500000e-01 4.687500e-02
7.500000e-01 5.468750e-02
7.500000e-01 6.250000e-02
7.500000e-01 7.031250e-02
7.500000e-01 7.812500e-02
7.500000e-01 8.593750e-02
7.500000e-01 9.375000e-02
7.500000e-01 1.015625e-01
7.500000e-01 1.093750e-01
7.500000e-01 1.171875e-01
7.500000e-01 1.250000e-01
7.500000e-01 1.328125e-01
7.500000e-01 1.406250e-01
7.500000e-01 1.484375e-01
7.500000e-01 1.562500e-01
7.500000e-01 1.640625e-01
7.500000e-01 1.718750e-01
7.500000e-01 1.796875e-01
7.500000e-01 1.875000e-01
7.500000e-01 1.953125e-01
7.500000e-01 2.031250e-01
7.500000e-01 2.109375e-01
7.500000e-01 2.187500e-01
7.500000e-01 2.265625e-01
7.500000e-01 2.343750e-01
7.500000e-01 2.421875e-01
7.500000e-01 2.500000e-01
7.578125e-01 0.000000e+00
7.578125e-01 7.812500e-03
7.578125e-01 1.562500e-02
7.578125e-01 2.343750e-02
7.578125e-01 3.125000e-02
7.578125e-01 3.906250e-02
7.578125e-01 4.687500e-02
7.578125e-01 5.468750e-02
7.578125e-01 6.250000e-02
7.578125e-01 7.031250e-02
7.578125e-01 7.812500e-02
7.578125e-01 8.593750e-02
7.578125e-01 9.375000e-02
7.578125e-01 1.015625e-01
7.578125e-01 1.093750e-01
7.578125e-01 1.171875e-01
7.578125e-01 1.250000e-01
7.578125e-01 1.328125e-01
7.578125e-01 1.406250e-01
7.578125e-01 1.484375e-01
7.578125e-01 1.562500e-01
7.578125e-01 1.640625e-01
7.578125e-01 1.718750e-01
7.578125e-01 1.796875e-01
7.578125e-01 1.875000e-01
7.578125e-01 1.953125e-01
7.578125e-01 2.031250e-01
7.578125e-01 2.109375e-01
7.578125e-01 2.187500e-01
7.578125e-01 2.265625e-01
7.578125e-01 2.343750e-01
7.578125e-01 2.421875e-01
7.578125e-01 2.500000e-01
7.656250e-01 0.000000e+00
7.656250e-01 7.812500e-03
7.656250e-01 1.562500e-02
7.656250e-01 2.343750e-02
7.656250e-01 3.125000e-02
7.656250e-01 3.906250e-02
7.656250e-01 4.687500e-02
7.656250e-01 5.468750e-02
7.656250e-01 6.250000e-02
7.656250e-01 7.031250e-02
7.656250e-01 7.812500e-02
7.656250e-01 8.593750e-02
7.656250e-01 9.375000e-02
7.656250e-01 1.015625e-01
7.656250e-01 1.093750e-01
7.656250e-01 1.171875e-01
7.656250e-01 1.250000e-01
7.656250e-01 1.328125e-01
7.656250e-01 1.406250e-01
7.656250e-01 1.484375e-01
7.656250e-01 1.562500e-01
7.656250e-01 1.640625e-01
7.656250e-01 1.718750e-01
7.656250e-01 1.796875e-01
7.656250e-01 1.875000e-01
7.656250e-01 1.953125e-01
7.656250e-01 2.031250e-01
7.656250e-01 2.109375e-01
7.656250e-01 2.187500e-01
7.656250e-01 2.265625e-01
7.656250e-01 2.343750e-01
7.656250e-01 2.421875e-01
7.656250e-01 2.500000e-01
7.734375e-01 0.000000e+00
7.734375e-01 7.812500e-03
7.734375e-01 1.562500e-02
7.734375e-01 2.343750e-02
7.734375e-01 3.125000e-02
7.734375e-01 3.906250e-02
7.734375e-01 4.687500e-02
7.734375e-01 5.468750e-02
7.734375e-01 6.250000e-02
7.734375e-01 7.031250e-02
7.734375e-01 7.812500e-02
7.734375e-01 8.593750e-02
7.734375e-01 9.375000e-02
7.734375e-01 1.015625e-01
7.734375e-01 1.093750e-01
7.734375e-01 1.171875e-01
7.734375e-01 1.250000e-01
7.734375e-01 1.328125e-01
7.734375e-01 1.406250e-01
7.734375e-01 1.484375e-01
7.734375e-01 1.562500e-01
7.734375e-01 1.640625e-01
7.734375e-01 1.718750e-01
7.734375e-01 1.796875e-01
7.734375e-01 1.875000e-01
7.734375e-01 1.953125e-01
7.734375e-01 2.031250e-01
7.734375e-01 2.109375e-01
7.734375e-01 2.187500e-01
7.734375e-01 2.265625e-01
7.734375e-01 2.343750e-01
7.734375e-01 2.421875e-01
7.734375e-01 2.500000e-01
7.812500e-01 0.000000e+00
7.812500e-01 7.812500e-03
7.812500e-01 1.562500e-02
7.812500e-01 2.343750e-02
7.812500e-01 3.125000e-02
7.812500e-01 3.906250e-02
7.812500e-01 4.687500e-02
7.812500e-01 5.468750e-02
7.812500e-01 6.250000e-02
7.812500e-01 7.031250e-02
7.812500e-01 7.812500e-02
7.812500e-01 8.593750e-02
7.812500e-01 9.375000e-02
7.812500e-01 1.015625e-01
7.812500e-01 1.093750e-01
7.812500e-01 1.171875e-01
7.812500e-01 1.250000e-01
7.812500e-01 1.328125e-01
7.812500e-01 1.406250e-01
7.812500e-01 1.484375e-01
7.812500e-01 1.562500e-01
7.812500e-01 1.640625e-01
7.812500e-01 1.718750e-01
7.812500e-01 1.796875e-01
7.812500e-01 1.875000e-01
7.812500e-01 1.953125e-01
7.812500e-01 2.031250e-01
7.812500e-01 2.109375e-01
7.812500e-01 2.187500e-01
7.812500e-01 2.265625e-01
7.812500e-01 2.343750e-01
7.812500e-01 2.421875e-01
7.812500e-01 2.500000e-01
7.890625e-01 0.000000e+00
7.890625e-01 7.812500e-03
7.890625e-01 1.562500e-02
7.890625e-01 2.343750e-02
7.890625e-01 3.125000e-02
7.890625e-01 3.906250e-02
7.890625e-01 4.687500e-02
7.890625e-01 5.468750e-02
7.890625e-01 6.250000e-02
7.890625e-01 7.031250e-02
7.890625e-01 7.812500e-02
7.890625e-01 8.593750e-02
7.890625e-01 9.375000e-02
7.890625e-01 1.015625e-01
7.890625e-01 1.093750e-01
7.890625e-01 1.171875e-01
7.890625e-01 1.250000e-01
7.890625e-01 1.328125e-01
7.890625e-01 1.406250e-01
7.890625e-01 1.484375e-01
7.890625e-01 1.562500e-01
7.890625e-01 1.640625e-01
7.890625e-01 1.718750e-01
7.890625e-01 1.796875e-01
7.890625e-01 1.875000e-01
7.890625e-01 1.953125e-01
7.890625e-01 2.031250e-01
7.890625e-01 2.109375e-01
7.890625e-01 2.187500e-01
7.890625e-01 2.265625e-01
7.890625e-01 2.343750e-01
7.890625e-01 2.421875e-01
7.890625e-01 2.500000e-01
7.968750e-01 0.000000e+00
7.968750e-01 7.812500e-03
7.968750e-01 1.562500e-02
7.968750e-01 2.343750e-02
7.968750e-01 3.125000e-02
7.968750e-01 3.906250e-02
7.968750e-01 4.687500e-02
7.968750e-01 5.468750e-02
7.968750e-01 6.250000e-02
7.968750e-01 7.031250e-02
7.968750e-01 7.812500e-02
7.968750e-01 8.593750e-02
7.968750e-01 9.375000e-02
7.968750e-01 1.015625e-01
7.968750e-01 1.093750e-01
7.968750e-01 1.171875e-01
7.968750e-01 1.250000e-01
7.968750e-01 1.328125e-01
7.968750e-01 1.406250e-01
7.968750e-01 1.484375e-01
7.968750e-01 1.562500e-01
7.968750e-01 1.640625e-01
7.968750e-01 1.718750e-01
7.968750e-01 1.796875e-01
7.968750e-01 1.875000e-01
7.968750e-01 1.953125e-01
7.968750e-01 2.031250e-01
7.968750e-01 2.109375e-01
7.968750e-01 2.187500e-01
7.968750e-01 2.265625e-01
7.968750e-01 2.343750e-01
7.968750e-01 2.421875e-01
7.968750e-01 2.500000e-01
8.046875e-01 0.000000e+00
8.046875e-01 7.812500e-03
8.046875e-01 1.562500e-02
8.046875e-01 2.343750e-02
8.046875e-01 3.125000e-02
8.046875e-01 3.906250e-02
8.046875e-01 4.687500e-02
8.046875e-01 5.468750e-02
8.046875e-01 6.250000e-02
8.046875e-01 7.031250e-02
8.046875e-01 7.812500e-02
8.046875e-01 8.593750e-02
8.046875e-01 9.375000e-02
8.046875e-01 1.015625e-01
8.046875e-01 1.093750e-01
8.046875e-01 1.171875e-01
8.046875e-01 1.250000e-01
8.046875e-01 1.328125e-01
8.046875e-01 1.406250e-01
8.046875e-01 1.484375e-01
8.046875e-01 1.562500e-01
8.046875e-01 1.640625e-01
8.046875e-01 1.718750e-01
8.046875e-01 1.796875e-01
8.046875e-01 1.875000e-01
8.046875e-01 1.953125e-01
8.046875e-01 2.031250e-01
8.046875e-01 2.109375e-01
8.046875e-01 2.187500e-01
8.046875e-01 2.265625e-01
8.046875e-01 2.343750e-01
8.046875e-01 2.421875e-01
8.046875e-01 2.500000e-01
8.125000e-01 0.000000e+00
8.125000e-01 7.812500e-03
8.125000e-01 1.562500e-02
8.125000e-01 2.343750e-02
8.125000e-01 3.125000e-02
8.125000e-01 3.906250e-02
8.125000e-01 4.687500e-02
8.125000e-01 5.468750e-02
8.125000e-01 6.250000e-02
8.125000e-01 7.031250e-02
8.125000e-01 7.812500e-02
8.125000e-01 8.593750e-02
8.125000e-01 9.375000e-02
8.125000e-01 1.015625e-01
8.125000e-01 1.093750e-01
8.125000e-01 1.171875e-01
8.125000e-01 1.250000e-01
8.125000e-01 1.328125e-01
8.125000e-01 1.406250e-01
8.125000e-01 1.484375e-01
8.125000e-01 1.562500e-01
8.125000e-01 1.640625e-01
8.125000e-01 1.718750e-01
8.125000e-01 1.796875e-01
8.125000e-01 1.875000e-01
8.125000e-01 1.953125e-01
8.125000e-01 2.031250e-01
8.125000e-01 2.109375e-01
8.125000e-01 2.187500e-01
8.125000e-01 2.265625e-01
8.125000e-01 2.343750e-01
8.125000e-01 2.421875e-01
8.125000e-01 2.500000e-01
8.203125e-01 0.000000e+00
8.203125e-01 7.812500e-03
8.203125e-01 1.562500e-02
8.203125e-01 2.343750e-02
8.203125e-01 3.125000e-02
8.203125e-01 3.906250e-02
8.203125e-01 4.687500e-02
8.203125e-01 5.468750e-02
8.203125e-01 6.250000e-02
8.203125e-01 7.031250e-02
8.203125e-01 7.812500e-02
8.203125e-01 8.593750e-02
8.203125e-01 9.375000e-02
8.203125e-01 1.015625e-01
8.203125e-01 1.093750e-01
8.203125e-01 1.171875e-01
8.203125e-01 1.250000e-01
8.203125e-01 1.328125e-01
8.203125e-01 1.406250e-01
8.203125e-01 1.484375e-01
8.203125e-01 1.562500e-01
8.203125e-01 1.640625e-01
8.203125e-01 1.718750e-01
8.203125e-01 1.796875e-01
8.203125e-01 1.875000e-01
8.203125e-01 1.953125e-01
8.203125e-01 2.031250e-01
8.203125e-01 2.109375e-01
8.203125e-01 2.187500e-01
8.203125e-01 2.265625e-01
8.203125e-01 2.343750e-01
8.203125e-01 2.421875e-01
8.203125e-01 2.500000e-01
8.281250e-01 0.000000e+00
8.281250e-01 7.812500e-03
8.281250e-01 1.562500e-02
8.281250e-01 2.343750e-02
8.281250e-01 3.125000e-02
8.281250e-01 3.906250e-02
8.281250e-01 4.687500e-02
8.281250e-01 5.468750e-02
8.281250e-01 6.250000e-02
8.281250e-01 7.031250e-02
8.281250e-01 7.812500e-02
8.281250e-01 8.593750e-02
8.281250e-01 9.375000e-02
8.281250e-01 1.015625e-01
8.281250e-01 1.093750e-01
8.281250e-01 1.171875e-01
8.281250e-01 1.250000e-01
8.281250e-01 1.328125e-01
8.281250e-01 1.406250e-01
8.281250e-01 1.484375e-01
8.281250e-01 1.562500e-01
8.281250e-01 1.640625e-01
8.281250e-01 1.718750e-01
8.281250e-01 1.796875e-01
8.281250e-01 1.875000e-01
8.281250e-01 1.953125e-01
8.281250e-01 2.031250e-01
8.281250e-01 2.109375e-01
8.281250e-01 2.187500e-01
8.281250e-01 2.265625e-01
8.281250e-01 2.343750e-01
8.281250e-01 2.421875e-01
8.281250e-01 2.500000e-01
8.359375e-01 0.000000e+00
8.359375e-01 7.812500e-03
8.359375e-01 1.562500e-02
8.359375e-01 2.343750e-02
8.359375e-01 3.125000e-02
8.359375e-01 3.906250e-02
8.359375e-01 4.687500e-02
8.359375e-01 5.468750e-02
8.359375e-01 6.250000e-02
8.359375e-01 7.031250e-02
8.359375e-01 7.812500e-02
8.359375e-01 8.593750e-02
8.359375e-01 9.375000e-02
8.359375e-01 1.015625e-01
8.359375e-01 1.093750e-01
8.359375e-01 1.171875e-01
8.359375e-01 1.250000e-01
8.359375e-01 1.328125e-01
8.359375e-01 1.406250e-01
8.359375e-01 1.484375e-01
8.359375e-01 1.562500e-01
8.359375e-01 1.640625e-01
8.359375e-01 1.718750e-01
8.359375e-01 1.796875e-01
8.359375e-01 1.875000e-01
8.359375e-01 1.953125e-01
8.359375e-01 2.031250e-01
8.359375e-01 2.109375e-01
8.359375e-01 2.187500e-01
8.359375e-01 2.265625e-01
8.359375e-01 2.343750e-01
8.359375e-01 2.421875e-01
8.359375e-01 2.500000e-01
8.437500e-01 0.000000e+00
8.437500e-01 7.812500e-03
8.437500e-01 1.562500e-02
8.437500e-01 2.343750e-02
8.437500e-01 3.125000e-02
8.437500e-01 3.906250e-02
8.437500e-01 4.687500e-02
8.437500e-01 5.468750e-02
8.437500e-01 6.250000e-02
8.437500e-01 7.031250e-02
8.437500e-01 7.812500e-02
8.437500e-01 8.593750e-02
8.437500e-01 9.375000e-02
8.437500e-01 1.015625e-01
8.437500e-01 1.093750e-01
8.437500e-01 1.171875e-01
8.437500e-01 1.250000e-01
8.437500e-01 1.328125e-01
8.437500e-01 1.406250e-01
8.437500e-01 1.484375e-01
8.437500e-01 1.562500e-01
8.437500e-01 1.640625e-01
8.437500e-01 1.718750e-01
8.437500e-01 1.796875e-01
8.437500e-01 1.875000e-01
8.437500e-01 1.953125e-01
8.437500e-01 2.031250e-01
8.437500e-01 2.109375e-01
8.437500e-01 2.187500e-01
8.437500e-01 2.265625e-01
8.437500e-01 2.343750e-01
8.437500e-01 2.421875e-01
8.437500e-01 2.500000e-01
8.515625e-01 0.000000e+00
8.515625e-01 7.812500e-03
8.515625e-01 1.562500e-02
8.515625e-01 2.343750e-02
8.515625e-01 3.125000e-02
8.515625e-01 3.906250e-02
8.515625e-01 4.687500e-02
8.515625e-01 5.468750e-02
8.515625e-01 6.250000e-02
8.515625e-01 7.031250e-02
8.515625e-01 7.812500e-02
8.515625e-01 8.593750e-02
8.515625e-01 9.375000e-02
8.515625e-01 1.015625e-01
8.515625e-01 1.093750e-01
8.515625e-01 1.171875e-01
8.515625e-01 1.250000e-01
8.515625e-01 1.328125e-01
8.515625e-01 1.406250e-01
8.515625e-01 1.484375e-01
8.515625e-01 1.562500e-01
8.515625e-01 1.640625e-01
8.515625e-01 1.718750e-01
8.515625e-01 1.796875e-01
8.515625e-01 1.875000e-01
8.515625e-01 1.953125e-01
8.515625e-01 2.031250e-01
8.515625e-01 2.109375e-01
8.515625e-01 2.187500e-01
8.515625e-01 2.265625e-01
8.515625e-01 2.343750e-01
8.515625e-01 2.421875e-01
8.515625e-01 2.500000e-01
8.593750e-01 0.000000e+00
8.593750e-01 7.812500e-03
8.593750e-01 1.562500e-02
8.593750e-01 2.343750e-02
8.593750e-01 3.125000e-02
8.593750e-01 3.906250e-02
8.593750e-01 4.687500e-02
8.593750e-01 5.468750e-02
8.593750e-01 6.250000e-02
8.593750e-01 7.031250e-02
8.593750e-01 7.812500e-02
8.593750e-01 8.593750e-02
8.593750e-01 9.375000e-02
8.593750e-01 1.015625e-01
8.593750e-01 1.093750e-01
8.593750e-01 1.171875e-01
8.593750e-01 1.250000e-01
8.593750e-01 1.328125e-01
8.593750e-01 1.406250e-01
8.593750e-01 1.484375e-01
8.593750e-01 1.562500e-01
8.593750e-01 1.640625e-01
8.593750e-01 1.718750e-01
8.593750e-01 1.796875e-01
8.593750e-01 1.875000e-01
8.593750e-01 1.953125e-01
8.593750e-01 2.031250e-01
8.593750e-01 2.109375e-01
8.593750e-01 2.187500e-01
8.593750e-01 2.265625e-01
8.593750e-01 2.343750e-01
8.593750e-01 2.421875e-01
8.593750e-01 2.500000e-01
8.671875e-01 0.000000e+00
8.671875e-01 7.812500e-03
8.671875e-01 1.562500e-02
8.671875e-01 2.343750e-02
8.671875e-01 3.125000e-02
8.671875e-01 3.906250e-02
8.671875e-01 4.687500e-02
8.671875e-01 5.468750e-02
8.671875e-01 6.250000e-02
8.671875e-01 7.031250e-02
8.671875e-01 7.812500e-02
8.671875e-01 8.593750e-02
8.671875e-01 9.375000e-02
8.671875e-01 1.015625e-01
8.671875e-01 1.093750e-01
8.671875e-01 1.171875e-01
8.671875e-01 1.250000e-01
8.671875e-01 1.328125e-01
8.671875e-01 1.406250e-01
8.671875e-01 1.484375e-01
8.671875e-01 1.562500e-01
8.671875e-01 1.640625e-01
8.671875e-01 1.718750e-01
8.671875e-01 1.796875e-01
8.671875e-01 1.875000e-01
8.671875e-01 1.953125e-01
8.671875e-01 2.031250e-01
8.671875e-01 2.109375e-01
8.671875e-01 2.187500e-01
8.671875e-01 2.265625e-01
8.671875e-01 2.343750e-01
8.671875e-01 2.421875e-01
8.671875e-01 2.500000e-01
8.750000e-01 0.000000e+00
8.750000e-01 7.812500e-03
8.750000e-01 1.562500e-02
8.750000e-01 2.343750e-02
8.750000e-01 3.125000e-02
8.750000e-01 3.906250e-02
8.750000e-01 4.687500e-02
8.750000e-01 5.468750e-02
8.750000e-01 6.250000e-02
8.750000e-01 7.031250e-02
8.750000e-01 7.812500e-02
8.750000e-01 8.593750e-02
8.750000e-01 9.375000e-02
8.750000e-01 1.015625e-01
8.750000e-01 1.093750e-01
8.750000e-01 1.171875e-01
8.750000e-01 1.250000e-01
8.750000e-01 1.328125e-01
8.750000e-01 1.406250e-01
8.750000e-01 1.484375e-01
8.750000e-01 1.562500e-01
8.750000e-01 1.640625e-01
8.750000e-01 1.718750e-01
8.750000e-01 1.796875e-01
8.750000e-01 1.875000e-01
8.750000e-01 1.953125e-01
8.750000e-01 2.031250e-01
8.750000e-01 2.109375e-01
8.750000e-01 2.187500e-01
8.750000e-01 2.265625e-01
8.750000e-01 2.343750e-01
8.750000e-01 2.421875e-01
8.750000e-01 2.500000e-01
8.828125e-01 0.000000e+00
8.828125e-01 7.812500e-03
8.828125e-01 1.562500e-02
8.828125e-01 2.343750e-02
8.828125e-01 3.125000e-02
8.828125e-01 3.906250e-02
8.828125e-01 4.687500e-02
8.828125e-01 5.468750e-02
8.828125e-01 6.250000e-02
8.828125e-01 7.031250e-02
8.828125e-01 7.812500e-02
8.828125e-01 8.593750e-02
8.828125e-01 9.375000e-02
8.828125e-01 1.015625e-01
8.828125e-01 1.093750e-01
8.828125e-01 1.171875e-01
8.828125e-01 1.250000e-01
8.828125e-01 1.328125e-01
8.828125e-01 1.406250e-01
8.828125e-01 1.484375e-01
8.828125e-01 1.562500e-01
8.828125e-01 1.640625e-01
8.828125e-01 1.718750e-01
8.828125e-01 1.796875e-01
8.828125e-01 1.875000e-01
8.828125e-01 1.953125e-01
8.828125e-01 2.031250e-01
8.828125e-01 2.109375e-01
8.828125e-01 2.187500e-01
8.828125e-01 2.265625e-01
8.828125e-01 2.343750e-01
8.828125e-01 2.421875e-01
8.828125e-01 2.500000e-01
8.906250e-01 0.000000e+00
8.906250e-01 7.812500e-03
8.906250e-01 1.562500e-02
8.906250e-01 2.343750e-02
8.906250e-01 3.125000e-02
8.906250e-01 3.906250e-02
8.906250e-01 4.687500e-02
8.906250e-01 5.468750e-02
8.906250e-01 6.250000e-02
8.906250e-01 7.031250e-02
8.906250e-01 7.812500e-02
8.906250e-01 8.593750e-02
8.906250e-01 9.375000e-02
8.906250e-01 1.015625e-01
8.906250e-01 1.093750e-01
8.906250e-01 1.171875e-01
8.906250e-01 1.250000e-01
8.906250e-01 1.328125e-01
8.906250e-01 1.406250e-01
8.906250e-01 1.484375e-01
8.906250e-01 1.562500e-01
8.906250e-01 1.640625e-01
8.906250e-01 1.718750e-01
8.906250e-01 1.796875e-01
8.906250e-01 1.875000e-01
8.906250e-01 1.953125e-01
8.906250e-01 2.031250e-01
8.906250e-01 2.109375e-01
8.906250e-01 2.187500e-01
8.906250e-01 2.265625e-01
8.906250e-01 2.343750e-01
8.906250e-01 2.421875e-01
8.906250e-01 2.500000e-01
8.984375e-01 0.000000e+00
8.984375e-01 7.812500e-03
8.984375e-01 1.562500e-02
8.984375e-01 2.343750e-02
8.984375e-01 3.125000e-02
8.984375e-01 3.906250e-02
8.984375e-01 4.687500e-02
8.984375e-01 5.468750e-02
8.984375e-01 6.250000e-02
8.984375e-01 7.031250e-02
8.984375e-01 7.812500e-02
8.984375e-01 8.593750e-02
8.984375e-01 9.375000e-02
8.984375e-01 1.015625e-01
8.984375e-01 1.093750e-01
8.984375e-01 1.171875e-01
8.984375e-01 1.250000e-01
8.984375e-01 1.328125e-01
8.984375e-01 1.406250e-01
8.984375e-01 1.484375e-01
8.984375e-01 1.562500e-01
8.984375e-01 1.640625e-01
8.984375e-01 1.718750e-01
8.984375e-01 1.796875e-01
8.984375e-01 1.875000e-01
8.984375e-01 1.953125e-01
8.984375e-01 2.031250e-01
8.984375e-01 2.109375e-01
8.984375e-01 2.187500e-01
8.984375e-01 2.265625e-01
8.984375e-01 2.343750e-01
8.984375e-01 2.421875e-01
8.984375e-01 2.500000e-01
9.062500e-01 0.000000e+00
9.062500e-01 7.812500e-03
9.062500e-01 1.562500e-02
9.062500e-01 2.343750e-02
9.062500e-01 3.125000e-02
9.062500e-01 3.906250e-02
9.062500e-01 4.687500e-02
9.062500e-01 5.468750e-02
9.062500e-01 6.250000e-02
9.062500e-01 7.031250e-02
9.062500e-01 7.812500e-02
9.062500e-01 8.593750e-02
9.062500e-01 9.375000e-02
9.062500e-01 1.015625e-01
9.062500e-01 1.093750e-01
9.062500e-01 1.171875e-01
9.062500e-01 1.250000e-01
9.062500e-01 1.328125e-01
9.062500e-01 1.406250e-01
9.062500e-01 1.484375e-01
9.062500e-01 1.562500e-01
9.062500e-01 1.640625e-01
9.062500e-01 1.718750e-01
9.062500e-01 1.796875e-01
9.062500e-01 1.875000e-01
9.062500e-01 1.953125e-01
9.062500e-01 2.031250e-01
9.062500e-01 2.109375e-01
9.062500e-01 2.187500e-01
9.062500e-01 2.265625e-01
9.062500e-01 2.343750e-01
9.062500e-01 2.421875e-01
9.062500e-01 2.500000e-01
9.140625e-01 0.000000e+00
9.140625e-01 7.812500e-03
9.140625e-01 1.562500e-02
9.140625e-01 2.343750e-02
9.140625e-01 3.125000e-02
9.140625e-01 3.906250e-02
9.140625e-01 4.687500e-02
9.140625e-01 5.468750e-02
9.140625e-01 6.250000e-02
9.140625e-01 7.031250e-02
9.140625e-01 7.812500e-02
9.140625e-01 8.593750e-02
9.140625e-01 9.375000e-02
9.140625e-01 1.015625e-01
9.140625e-01 1.093750e-01
9.140625e-01 1.171875e-01
9.140625e-01 1.250000e-01
9.140625e-01 1.328125e-01
9.140625e-01 1.406250e-01
9.140625e-01 1.484375e-01
9.140625e-01 1.562500e-01
9.140625e-01 1.640625e-01
9.140625e-01 1.718750e-01
9.140625e-01 1.796875e-01
9.140625e-01 1.875000e-01
9.140625e-01 1.953125e-01
9.140625e-01 2.031250e-01
9.140625e-01 2.109375e-01
9.140625e-01 2.187500e-01
9.140625e-01 2.265625e-01
9.140625e-01 2.343750e-01
9.140625e-01 2.421875e-01
9.140625e-01 2.500000e-01
9.218750e-01 0.000000e+00
9.218750e-01 7.812500e-03
9.218750e-01 1.562500e-02
9.218750e-01 2.343750e-02
9.218750e-01 3.125000e-02
9.218750e-01 3.906250e-02
9.218750e-01 4.687500e-02
9.218750e-01 5.468750e-02
9.218750e-01 6.250000e-02
9.218750e-01 7.031250e-02
9.218750e-01 7.812500e-02
9.218750e-01 8.593750e-02
9.218750e-01 9.375000e-02
9.218750e-01 1.015625e-01
9.218750e-01 1.093750e-01
9.218750e-01 1.171875e-01
9.218750e-01 1.250000e-01
9.218750e-01 1.328125e-01
9.218750e-01 1.406250e-01
9.218750e-01 1.484375e-01
9.218750e-01 1.562500e-01
9.218750e-01 1.640625e-01
9.218750e-01 1.718750e-01
9.218750e-01 1.796875e-01
9.218750e-01 1.875000e-01
9.218750e-01 1.953125e-01
9.218750e-01 2.031250e-01
9.218750e-01 2.109375e-01
9.218750e-01 2.187500e-01
9.218750e-01 2.265625e-01
9.218750e-01 2.343750e-01
9.218750e-01 2.421875e-01
9.218750e-01 2.500000e-01
9.296875e-01 0.000000e+00
9.296875e-01 7.812500e-03
9.296875e-01 1.562500e-02
9.296875e-01 2.343750e-02
9.296875e-01 3.125000e-02
9.296875e-01 3.906250e-02
9.296875e-01 4.687500e-02
9.296875e-01 5.468750e-02
9.296875e-01 6.250000e-02
9.296875e-01 7.031250e-02
9.296875e-01 7.812500e-02
9.296875e-01 8.593750e-02
9.296875e-01 9.375000e-02
9.296875e-01 1.015625e-01
9.296875e-01 1.093750e-01
9.296875e-01 1.171875e-01
9.296875e-01 1.250000e-01
9.296875e-01 1.328125e-01
9.296875e-01 1.406250e-01
9.296875e-01 1.484375e-01
9.296875e-01 1.562500e-01
9.296875e-01 1.640625e-01
9.296875e-01 1.718750e-01
9.296875e-01 1.796875e-01
9.296875e-01 1.875000e-01
9.296875e-01 1.953125e-01
9.296875e-01 2.031250e-01
9.296875e-01 2.109375e-01
9.296875e-01 2.187500e-01
9.296875e-01 2.265625e-01
9.296875e-01 2.343750e-01
9.296875e-01 2.421875e-01
9.296875e-01 2.500000e-01
9.375000e-01 0.000000e+00
9.375000e-01 7.812500e-03
9.375000e-01 1.562500e-02
9.375000e-01 2.343750e-02
9.375000e-01 3.125000e-02
9.375000e-01 3.906250e-02
9.375000e-01 4.687500e-02
9.375000e-01 5.468750e-02
9.375000e-01 6.250000e-02
9.375000e-01 7.031250e-02
9.375000e-01 7.812500e-02
9.375000e-01 8.593750e-02
9.375000e-01 9.375000e-02
9.375000e-01 1.015625e-01
9.375000e-01 1.093750e-01
9.375000e-01 1.171875e-01
9.375000e-01 1.250000e-01
9.375000e-01 1.328125e-01
9.375000e-01 1.406250e-01
9.375000e-01 1.484375e-01
9.375000e-01 1.562500e-01
9.375000e-01 1.640625e-01
9.375000e-01 1.718750e-01
9.375000e-01 1.796875e-01
9.375000e-01 1.875000e-01
9.375000e-01 1.953125e-01
9.375000e-01 2.031250e-01
9.375000e-01 2.109375e-01
9.375000e-01 2.187500e-01
9.375000e-01 2.265625e-01
9.375000e-01 2.343750e-01
9.375000e-01 2.421875e-01
9.375000e-01 2.500000e-01
9.453125e-01 0.000000e+00
9.453125e-01 7.812500e-03
9.453125e-01 1.562500e-02
9.453125e-01 2.343750e-02
9.453125e-01 3.125000e-02
9.453125e-01 3.906250e-02
9.453125e-01 4.687500e-02
9.453125e-01 5.468750e-02
9.453125e-01 6.250000e-02
9.453125e-01 7.031250e-02
9.453125e-01 7.812500e-02
9.453125e-01 8.593750e-02
9.453125e-01 9.375000e-02
9.453125e-01 1.015625e-01
9.453125e-01 1.093750e-01
9.453125e-01 1.171875e-01
9.453125e-01 1.250000e-01
9.453125e-01 1.328125e-01
9.453125e-01 1.406250e-01
9.453125e-01 1.484375e-01
9.453125e-01 1.562500e-01
9.453125e-01 1.640625e-01
9.453125e-01 1.718750e-01
9.453125e-01 1.796875e-01
9.453125e-01 1.875000e-01
9.453125e-01 1.953125e-01
9.453125e-01 2.031250e-01
9.453125e-01 2.109375e-01
9.453125e-01 2.187500e-01
9.453125e-01 2.265625e-01
9.453125e-01 2.343750e-01
9.453125e-01 2.421875e-01
9.453125e-01 2.500000e-01
9.531250e-01 0.000000e+00
9.531250e-01 7.812500e-03
9.531250e-01 1.562500e-02
9.531250e-01 2.343750e-02
9.531250e-01 3.125000e-02
9.531250e-01 3.906250e-02
9.531250e-01 4.687500e-02
9.531250e-01 5.468750e-02
9.531250e-01 6.250000e-02
9.531250e-01 7.031250e-02
9.531250e-01 7.812500e-02
9.531250e-01 8.593750e-02
9.531250e-01 9.375000e-02
9.531250e-01 1.015625e-01
9.531250e-01 1.093750e-01
9.531250e-01 1.171875e-01
9.531250e-01 1.250000e-01
9.531250e-01 1.328125e-01
9.531250e-01 1.406250e-01
9.531250e-01 1.484375e-01
9.531250e-01 1.562500e-01
9.531250e-01 1.640625e-01
9.531250e-01 1.718750e-01
9.531250e-01 1.796875e-01
9.531250e-01 1.875000e-01
9.531250e-01 1.953125e-01
9.531250e-01 2.031250e-01
9.531250e-01 2.109375e-01
9.531250e-01 2.187500e-01
9.531250e-01 2.265625e-01
9.531250e-01 2.343750e-01
9.531250e-01 2.421875e-01
9.531250e-01 2.500000e-01
9.609375e-01 0.000000e+00
9.609375e-01 7.812500e-03
9.609375e-01 1.562500e-02
9.609375e-01 2.343750e-02
9.609375e-01 3.125000e-02
9.609375e-01 3.906250e-02
9.609375e-01 4.687500e-02
9.609375e-01 5.468750e-02
9.609375e-01 6.250000e-02
9.609375e-01 7.031250e-02
9.609375e-01 7.812500e-02
9.609375e-01 8.593750e-02
9.609375e-01 9.375000e-02
9.609375e-01 1.015625e-01
9.609375e-01 1.093750e-01
9.609375e-01 1.171875e-01
9.609375e-01 1.250000e-01
9.609375e-01 1.328125e-01
9.609375e-01 1.406250e-01
9.609375e-01 1.484375e-01
9.609375e-01 1.562500e-01
9.609375e-01 1.640625e-01
9.609375e-01 1.718750e-01
9.609375e-01 1.796875e-01
9.609375e-01 1.875000e-01
9.609375e-01 1.953125e-01
9.609375e-01 2.031250e-01
9.609375e-01 2.109375e-01
9.609375e-01 2.187500e-01
9.609375e-01 2.265625e-01
9.609375e-01 2.343750e-01
9.609375e-01 2.421875e-01
9.609375e-01 2.500000e-01
9.687500e-01 0.000000e+00
9.687500e-01 7.812500e-03
9.687500e-01 1.562500e-02
9.687500e-01 2.343750e-02
9.687500e-01 3.125000e-02
9.687500e-01 3.906250e-02
9.687500e-01 4.687500e-02
9.687500e-01 5.468750e-02
9.687500e-01 6.250000e-02
9.687500e-01 7.031250e-02
9.687500e-01 7.812500e-02
9.687500e-01 8.593750e-02
9.687500e-01 9.375000e-02
9.687500e-01 1.015625e-01
9.687500e-01 1.093750e-01
9.687500e-01 1.171875e-01
9.687500e-01 1.250000e-01
9.687500e-01 1.328125e-01
9.687500e-01 1.406250e-01
9.687500e-01 1.484375e-01
9.687500e-01 1.562500e-01
9.687500e-01 1.640625e-01
9.687500e-01 1.718750e-01
9.687500e-01 1.796875e-01
9.687500e-01 1.875000e-01
9.687500e-01 1.953125e-01
9.687500e-01 2.031250e-01
9.687500e-01 2.109375e-01
9.687500e-01 2.187500e-01
9.687500e-01 2.265625e-01
9.687500e-01 2.343750e-01
9.687500e-01 2.421875e-01
9.687500e-01 2.500000e-01
9.765625e-01 0.000000e+00
9.765625e-01 7.812500e-03
9.765625e-01 1.562500e-02
9.765625e-01 2.343750e-02
9.765625e-01 3.125000e-02
9.765625e-01 3.906250e-02
9.765625e-01 4.687500e-02
9.765625e-01 5.468750e-02
9.765625e-01 6.250000e-02
9.765625e-01 7.031250e-02
9.765625e-01 7.812500e-02
9.765625e-01 8.593750e-02
9.765625e-01 9.375000e-02
9.765625e-01 1.015625e-01
9.765625e-01 1.093750e-01
9.765625e-01 1.171875e-01
9.765625e-01 1.250000e-01
9.765625e-01 1.328125e-01
9.765625e-01 1.406250e-01
9.765625e-01 1.484375e-01
9.765625e-01 1.562500e-01
9.765625e-01 1.640625e-01
9.765625e-01 1.718750e-01
9.765625e-01 1.796875e-01
9.765625e-01 1.875000e-01
9.765625e-01 1.953125e-01
9.765625e-01 2.031250e-01
9.765625e-01 2.109375e-01
9.765625e-01 2.187500e-01
9.765625e-01 2.265625e-01
9.765625e-01 2.343750e-01
9.765625e-01 2.421875e-01
9.765625e-01 2.500000e-01
9.843750e-01 0.000000e+00
9.843750e-01 7.812500e-03
9.843750e-01 1.562500e-02
9.843750e-01 2.343750e-02
9.843750e-01 3.125000e-02
9.843750e-01 3.906250e-02
9.843750e-01 4.687500e-02
9.843750e-01 5.468750e-02
9.843750e-01 6.250000e-02
9.843750e-01 7.031250e-02
9.843750e-01 7.812500e-02
9.843750e-01 8.593750e-02
9.843750e-01 9.375000e-02
9.843750e-01 1.015625e-01
9.843750e-01 1.093750e-01
9.843750e-01 1.171875e-01
9.843750e-01 1.250000e-01
9.843750e-01 1.328125e-01
9.843750e-01 1.406250e-01
9.843750e-01 1.484375e-01
9.843750e-01 1.562500e-01
9.843750e-01 1.640625e-01
9.843750e-01 1.718750e-01
9.843750e-01 1.796875e-01
9.843750e-01 1.875000e-01
9.843750e-01 1.953125e-01
9.843750e-01 2.031250e-01
9.843750e-01 2.109375e-01
9.843750e-01 2.187500e-01
9.843750e-01 2.265625e-01
9.843750e-01 2.343750e-01
9.843750e-01 2.421875e-01
9.843750e-01 2.500000e-01
9.921875e-01 0.000000e+00
9.921875e-01 7.812500e-03
9.921875e-01 1.562500e-02
9.921875e-01 2.343750e-02
9.921875e-01 3.125000e-02
9.921875e-01 3.906250e-02
9.921875e-01 4.687500e-02
9.921875e-01 5.468750e-02
9.921875e-01 6.250000e-02
9.921875e-01 7.031250e-02
9.921875e-01 7.812500e-02
9.921875e-01 8.593750e-02
9.921875e-01 9.375000e-02
9.921875e-01 1.015625e-01
9.921875e-01 1.093750e-01
9.921875e-01 1.171875e-01
9.921875e-01 1.250000e-01
9.921875e-01 1.328125e-01
9.921875e-01 1.406250e-01
9.921875e-01 1.484375e-01
9.921875e-01 1.562500e-01
9.921875e-01 1.640625e-01
9.921875e-01 1.718750e-01
9.921875e-01 1.796875e-01
9.921875e-01 1.875000e-01
9.921875e-01 1.953125e-01
9.921875e-01 2.031250e-01
9.921875e-01 2.109375e-01
9.921875e-01 2.187500e-01
9.921875e-01 2.265625e-01
9.921875e-01 2.343750e-01
9.921875e-01 2.421875e-01
9.921875e-01 2.500000e-01
1.000000e+00 0.000000e+00
1.000000e+00 7.812500e-03
1.000000e+00 1.562500e-02
1.000000e+00 2.343750e-02
1.000000e+00 3.125000e-02
1.000000e+00 3.906250e-02
1.000000e+00 4.687500e-02
1.000000e+00 5.468750e-02
1.000000e+00 6.250000e-02
1.000000e+00 7.031250e-02
1.000000e+00 7.812500e-02
1.000000e+00 8.593750e-02
1.000000e+00 9.375000e-02
1.000000e+00 1.015625e-01
1.000000e+00 1.093750e-01
1.000000e+00 1.171875e-01
1.000000e+00 1.250000e-01
1.000000e+00 1.328125e-01
1.000000e+00 1.406250e-01
1.000000e+00 1.484375e-01
1.000000e+00 1.562500e-01
1.000000e+00 1.640625e-01
1.000000e+00 1.718750e-01
1.000000e+00 1.796875e-01
1.000000e+00 1.875000e-01
1.000000e+00 1.953125e-01
1.000000e+00 2.031250e-01
1.000000e+00 2.109375e-01
1.000000e+00 2.187500e-01
1.000000e+00 2.265625e-01
1.000000e+00 2.343750e-01
1.000000e+00 2.421875e-01
1.000000e+00 2.500000e-01
