2.500000e-01 2.500000e-01
2.500000e-01 2.578125e-01
2.500000e-01 2.656250e-01
2.500000e-01 2.734375e-01
2.500000e-01 2.812500e-01
2.500000e-01 2.890625e-01
2.500000e-01 2.968750e-01
2.500000e-01 3.046875e-01
2.500000e-01 3.125000e-01
2.500000e-01 3.203125e-01
2.500000e-01 3.281250e-01
2.500000e-01 3.359375e-01
2.500000e-01 3.437500e-01
2.500000e-01 3.515625e-01
2.500000e-01 3.593750e-01
2.500000e-01 3.671875e-01
2.500000e-01 3.750000e-01
2.500000e-01 3.828125e-01
2.500000e-01 3.906250e-01
2.500000e-01 3.984375e-01
2.500000e-01 4.062500e-01
2.500000e-01 4.140625e-01
2.500000e-01 4.218750e-01
2.500000e-01 4.296875e-01
2.500000e-01 4.375000e-01
2.500000e-01 4.453125e-01
2.500000e-01 4.531250e-01
2.500000e-01 4.609375e-01
2.500000e-01 4.687500e-01
2.500000e-01 4.765625e-01
2.500000e-01 4.843750e-01
2.500000e-01 4.921875e-01
2.500000e-01 5.000000e-01
2.578125e-01 2.500000e-01
2.578125e-01 2.578125e-01
2.578125e-01 2.656250e-01
2.578125e-01 2.734375e-01
2.578125e-01 2.812500e-01
2.578125e-01 2.890625e-01
2.578125e-01 2.968750e-01
2.578125e-01 3.046875e-01
2.578125e-01 3.125000e-01
2.578125e-01 3.203125e-01
2.578125e-01 3.281250e-01
2.578125e-01 3.359375e-01
2.578125e-01 3.437500e-01
2.578125e-01 3.515625e-01
2.578125e-01 3.593750e-01
2.578125e-01 3.671875e-01
2.578125e-01 3.750000e-01
2.578125e-01 3.828125e-01
2.578125e-01 3.906250e-01
2.578125e-01 3.984375e-01
2.578125e-01 4.062500e-01
2.578125e-01 4.140625e-01
2.578125e-01 4.218750e-01
2.578125e-01 4.296875e-01
2.578125e-01 4.375000e-01
2.578125e-01 4.453125e-01
2.578125e-01 4.531250e-01
2.578125e-01 4.609375e-01
2.578125e-01 4.687500e-01
2.578125e-01 4.765625e-01
2.578125e-01 4.843750e-01
2.578125e-01 4.921875e-01
2.578125e-01 5.000000e-01
2.656250e-01 2.500000e-01
2.656250e-01 2.578125e-01
2.656250e-01 2.656250e-01
2.656250e-01 2.734375e-01
2.656250e-01 2.812500e-01
2.656250e-01 2.890625e-01
2.656250e-01 2.968750e-01
2.656250e-01 3.046875e-01
2.656250e-01 3.125000e-01
2.656250e-01 3.203125e-01
2.656250e-01 3.281250e-01
2.656250e-01 3.359375e-01
2.656250e-01 3.437500e-01
2.656250e-01 3.515625e-01
2.656250e-01 3.593750e-01
2.656250e-01 3.671875e-01
2.656250e-01 3.750000e-01
2.656250e-01 3.828125e-01
2.656250e-01 3.906250e-01
2.656250e-01 3.984375e-01
2.656250e-01 4.062500e-01
2.656250e-01 4.140625e-01
2.656250e-01 4.218750e-01
2.656250e-01 4.296875e-01
2.656250e-01 4.375000e-01
2.656250e-01 4.453125e-01
2.656250e-01 4.531250e-01
2.656250e-01 4.609375e-01
2.656250e-01 4.687500e-01
2.656250e-01 4.765625e-01
2.656250e-01 4.843750e-01
2.656250e-01 4.921875e-01
2.656250e-01 5.000000e-01
2.734375e-01 2.500000e-01
2.734375e-01 2.578125e-01
2.734375e-01 2.656250e-01
2.734375e-01 2.734375e-01
2.734375e-01 2.812500e-01
2.734375e-01 2.890625e-01
2.734375e-01 2.968750e-01
2.734375e-01 3.046875e-01
2.734375e-01 3.125000e-01
2.734375e-01 3.203125e-01
2.734375e-01 3.281250e-01
2.734375e-01 3.359375e-01
2.734375e-01 3.437500e-01
2.734375e-01 3.515625e-01
2.734375e-01 3.593750e-01
2.734375e-01 3.671875e-01
2.734375e-01 3.750000e-01
2.734375e-01 3.828125e-01
2.734375e-01 3.906250e-01
2.734375e-01 3.984375e-01
2.734375e-01 4.062500e-01
2.734375e-01 4.140625e-01
2.734375e-01 4.218750e-01
2.734375e-01 4.296875e-01
2.734375e-01 4.375000e-01
2.734375e-01 4.453125e-01
2.734375e-01 4.531250e-01
2.734375e-01 4.609375e-01
2.734375e-01 4.687500e-01
2.734375e-01 4.765625e-01
2.734375e-01 4.843750e-01
2.734375e-01 4.921875e-01
2.734375e-01 5.000000e-01
2.812500e-01 2.500000e-01
2.812500e-01 2.578125e-01
2.812500e-01 2.656250e-01
2.812500e-01 2.734375e-01
2.812500e-01 2.812500e-01
2.812500e-01 2.890625e-01
2.812500e-01 2.968750e-01
2.812500e-01 3.046875e-01
2.812500e-01 3.125000e-01
2.812500e-01 3.203125e-01
2.812500e-01 3.281250e-01
2.812500e-01 3.359375e-01
2.812500e-01 3.437500e-01
2.812500e-01 3.515625e-01
2.812500e-01 3.593750e-01
2.812500e-01 3.671875e-01
2.812500e-01 3.750000e-01
2.812500e-01 3.828125e-01
2.812500e-01 3.906250e-01
2.812500e-01 3.984375e-01
2.812500e-01 4.062500e-01
2.812500e-01 4.140625e-01
2.812500e-01 4.218750e-01
2.812500e-01 4.296875e-01
2.812500e-01 4.375000e-01
2.812500e-01 4.453125e-01
2.812500e-01 4.531250e-01
2.812500e-01 4.609375e-01
2.812500e-01 4.687500e-01
2.812500e-01 4.765625e-01
2.812500e-01 4.843750e-01
2.812500e-01 4.921875e-01
2.812500e-01 5.000000e-01
2.890625e-01 2.500000e-01
2.890625e-01 2.578125e-01
2.890625e-01 2.656250e-01
2.890625e-01 2.734375e-01
2.890625e-01 2.812500e-01
2.890625e-01 2.890625e-01
2.890625e-01 2.968750e-01
2.890625e-01 3.046875e-01
2.890625e-01 3.125000e-01
2.890625e-01 3.203125e-01
2.890625e-01 3.281250e-01
2.890625e-01 3.359375e-01
2.890625e-01 3.437500e-01
2.890625e-01 3.515625e-01
2.890625e-01 3.593750e-01
2.890625e-01 3.671875e-01
2.890625e-01 3.750000e-01
2.890625e-01 3.828125e-01
2.890625e-01 3.906250e-01
2.890625e-01 3.984375e-01
2.890625e-01 4.062500e-01
2.890625e-01 4.140625e-01
2.890625e-01 4.218750e-01
2.890625e-01 4.296875e-01
2.890625e-01 4.375000e-01
2.890625e-01 4.453125e-01
2.890625e-01 4.531250e-01
2.890625e-01 4.609375e-01
2.890625e-01 4.687500e-01
2.890625e-01 4.765625e-01
2.890625e-01 4.843750e-01
2.890625e-01 4.921875e-01
2.890625e-01 5.000000e-01
2.968750e-01 2.500000e-01
2.968750e-01 2.578125e-01
2.968750e-01 2.656250e-01
2.968750e-01 2.734375e-01
2.968750e-01 2.812500e-01
2.968750e-01 2.890625e-01
2.968750e-01 2.968750e-01
2.968750e-01 3.046875e-01
2.968750e-01 3.125000e-01
2.968750e-01 3.203125e-01
2.968750e-01 3.281250e-01
2.968750e-01 3.359375e-01
2.968750e-01 3.437500e-01
2.968750e-01 3.515625e-01
2.968750e-01 3.593750e-01
2.968750e-01 3.671875e-01
2.968750e-01 3.750000e-01
2.968750e-01 3.828125e-01
2.968750e-01 3.906250e-01
2.968750e-01 3.984375e-01
2.968750e-01 4.062500e-01
2.968750e-01 4.140625e-01
2.968750e-01 4.218750e-01
2.968750e-01 4.296875e-01
2.968750e-01 4.375000e-01
2.968750e-01 4.453125e-01
2.968750e-01 4.531250e-01
2.968750e-01 4.609375e-01
2.968750e-01 4.687500e-01
2.968750e-01 4.765625e-01
2.968750e-01 4.843750e-01
2.968750e-01 4.921875e-01
2.968750e-01 5.000000e-01
3.046875e-01 2.500000e-01
3.046875e-01 2.578125e-01
3.046875e-01 2.656250e-01
3.046875e-01 2.734375e-01
3.046875e-01 2.812500e-01
3.046875e-01 2.890625e-01
3.046875e-01 2.968750e-01
3.046875e-01 3.046875e-01
3.046875e-01 3.125000e-01
3.046875e-01 3.203125e-01
3.046875e-01 3.281250e-01
3.046875e-01 3.359375e-01
3.046875e-01 3.437500e-01
3.046875e-01 3.515625e-01
3.046875e-01 3.593750e-01
3.046875e-01 3.671875e-01
3.046875e-01 3.750000e-01
3.046875e-01 3.828125e-01
3.046875e-01 3.906250e-01
3.046875e-01 3.984375e-01
3.046875e-01 4.062500e-01
3.046875e-01 4.140625e-01
3.046875e-01 4.218750e-01
3.046875e-01 4.296875e-01
3.046875e-01 4.375000e-01
3.046875e-01 4.453125e-01
3.046875e-01 4.531250e-01
3.046875e-01 4.609375e-01
3.046875e-01 4.687500e-01
3.046875e-01 4.765625e-01
3.046875e-01 4.843750e-01
3.046875e-01 4.921875e-01
3.046875e-01 5.000000e-01
3.125000e-01 2.500000e-01
3.125000e-01 2.578125e-01
3.125000e-01 2.656250e-01
3.125000e-01 2.734375e-01
3.125000e-01 2.812500e-01
3.125000e-01 2.890625e-01
3.125000e-01 2.968750e-01
3.125000e-01 3.046875e-01
3.125000e-01 3.125000e-01
3.125000e-01 3.203125e-01
3.125000e-01 3.281250e-01
3.125000e-01 3.359375e-01
3.125000e-01 3.437500e-01
3.125000e-01 3.515625e-01
3.125000e-01 3.593750e-01
3.125000e-01 3.671875e-01
3.125000e-01 3.750000e-01
3.125000e-01 3.828125e-01
3.125000e-01 3.906250e-01
3.125000e-01 3.984375e-01
3.125000e-01 4.062500e-01
3.125000e-01 4.140625e-01
3.125000e-01 4.218750e-01
3.125000e-01 4.296875e-01
3.125000e-01 4.375000e-01
3.125000e-01 4.453125e-01
3.125000e-01 4.531250e-01
3.125000e-01 4.609375e-01
3.125000e-01 4.687500e-01
3.125000e-01 4.765625e-01
3.125000e-01 4.843750e-01
3.125000e-01 4.921875e-01
3.125000e-01 5.000000e-01
3.203125e-01 2.500000e-01
3.203125e-01 2.578125e-01
3.203125e-01 2.656250e-01
3.203125e-01 2.734375e-01
3.203125e-01 2.812500e-01
3.203125e-01 2.890625e-01
3.203125e-01 2.968750e-01
3.203125e-01 3.046875e-01
3.203125e-01 3.125000e-01
3.203125e-01 3.203125e-01
3.203125e-01 3.281250e-01
3.203125e-01 3.359375e-01
3.203125e-01 3.437500e-01
3.203125e-01 3.515625e-01
3.203125e-01 3.593750e-01
3.203125e-01 3.671875e-01
3.203125e-01 3.750000e-01
3.203125e-01 3.828125e-01
3.203125e-01 3.906250e-01
3.203125e-01 3.984375e-01
3.203125e-01 4.062500e-01
3.203125e-01 4.140625e-01
3.203125e-01 4.218750e-01
3.203125e-01 4.296875e-01
3.203125e-01 4.375000e-01
3.203125e-01 4.453125e-01
3.203125e-01 4.531250e-01
3.203125e-01 4.609375e-01
3.203125e-01 4.687500e-01
3.203125e-01 4.765625e-01
3.203125e-01 4.843750e-01
3.203125e-01 4.921875e-01
3.203125e-01 5.000000e-01
3.281250e-01 2.500000e-01
3.281250e-01 2.578125e-01
3.281250e-01 2.656250e-01
3.281250e-01 2.734375e-01
3.281250e-01 2.812500e-01
3.281250e-01 2.890625e-01
3.281250e-01 2.968750e-01
3.281250e-01 3.046875e-01
3.281250e-01 3.125000e-01
3.281250e-01 3.203125e-01
3.281250e-01 3.281250e-01
3.281250e-01 3.359375e-01
3.281250e-01 3.437500e-01
3.281250e-01 3.515625e-01
3.281250e-01 3.593750e-01
3.281250e-01 3.671875e-01
3.281250e-01 3.750000e-01
3.281250e-01 3.828125e-01
3.281250e-01 3.906250e-01
3.281250e-01 3.984375e-01
3.281250e-01 4.062500e-01
3.281250e-01 4.140625e-01
3.281250e-01 4.218750e-01
3.281250e-01 4.296875e-01
3.281250e-01 4.375000e-01
3.281250e-01 4.453125e-01
3.281250e-01 4.531250e-01
3.281250e-01 4.609375e-01
3.281250e-01 4.687500e-01
3.281250e-01 4.765625e-01
3.281250e-01 4.843750e-01
3.281250e-01 4.921875e-01
3.281250e-01 5.000000e-01
3.359375e-01 2.500000e-01
3.359375e-01 2.578125e-01
3.359375e-01 2.656250e-01
3.359375e-01 2.734375e-01
3.359375e-01 2.812500e-01
3.359375e-01 2.890625e-01
3.359375e-01 2.968750e-01
3.359375e-01 3.046875e-01
3.359375e-01 3.125000e-01
3.359375e-01 3.203125e-01
3.359375e-01 3.281250e-01
3.359375e-01 3.359375e-01
3.359375e-01 3.437500e-01
3.359375e-01 3.515625e-01
3.359375e-01 3.593750e-01
3.359375e-01 3.671875e-01
3.359375e-01 3.750000e-01
3.359375e-01 3.828125e-01
3.359375e-01 3.906250e-01
3.359375e-01 3.984375e-01
3.359375e-01 4.062500e-01
3.359375e-01 4.140625e-01
3.359375e-01 4.218750e-01
3.359375e-01 4.296875e-01
3.359375e-01 4.375000e-01
3.359375e-01 4.453125e-01
3.359375e-01 4.531250e-01
3.359375e-01 4.609375e-01
3.359375e-01 4.687500e-01
3.359375e-01 4.765625e-01
3.359375e-01 4.843750e-01
3.359375e-01 4.921875e-01
3.359375e-01 5.000000e-01
3.437500e-01 2.500000e-01
3.437500e-01 2.578125e-01
3.437500e-01 2.656250e-01
3.437500e-01 2.734375e-01
3.437500e-01 2.812500e-01
3.437500e-01 2.890625e-01
3.437500e-01 2.968750e-01
3.437500e-01 3.046875e-01
3.437500e-01 3.125000e-01
3.437500e-01 3.203125e-01
3.437500e-01 3.281250e-01
3.437500e-01 3.359375e-01
3.437500e-01 3.437500e-01
3.437500e-01 3.515625e-01
3.437500e-01 3.593750e-01
3.437500e-01 3.671875e-01
3.437500e-01 3.750000e-01
3.437500e-01 3.828125e-01
3.437500e-01 3.906250e-01
3.437500e-01 3.984375e-01
3.437500e-01 4.062500e-01
3.437500e-01 4.140625e-01
3.437500e-01 4.218750e-01
3.437500e-01 4.296875e-01
3.437500e-01 4.375000e-01
3.437500e-01 4.453125e-01
3.437500e-01 4.531250e-01
3.437500e-01 4.609375e-01
3.437500e-01 4.687500e-01
3.437500e-01 4.765625e-01
3.437500e-01 4.843750e-01
3.437500e-01 4.921875e-01
3.437500e-01 5.000000e-01
3.515625e-01 2.500000e-01
3.515625e-01 2.578125e-01
3.515625e-01 2.656250e-01
3.515625e-01 2.734375e-01
3.515625e-01 2.812500e-01
3.515625e-01 2.890625e-01
3.515625e-01 2.968750e-01
3.515625e-01 3.046875e-01
3.515625e-01 3.125000e-01
3.515625e-01 3.203125e-01
3.515625e-01 3.281250e-01
3.515625e-01 3.359375e-01
3.515625e-01 3.437500e-01
3.515625e-01 3.515625e-01
3.515625e-01 3.593750e-01
3.515625e-01 3.671875e-01
3.515625e-01 3.750000e-01
3.515625e-01 3.828125e-01
3.515625e-01 3.906250e-01
3.515625e-01 3.984375e-01
3.515625e-01 4.062500e-01
3.515625e-01 4.140625e-01
3.515625e-01 4.218750e-01
3.515625e-01 4.296875e-01
3.515625e-01 4.375000e-01
3.515625e-01 4.453125e-01
3.515625e-01 4.531250e-01
3.515625e-01 4.609375e-01
3.515625e-01 4.687500e-01
3.515625e-01 4.765625e-01
3.515625e-01 4.843750e-01
3.515625e-01 4.921875e-01
3.515625e-01 5.000000e-01
3.593750e-01 2.500000e-01
3.593750e-01 2.578125e-01
3.593750e-01 2.656250e-01
3.593750e-01 2.734375e-01
3.593750e-01 2.812500e-01
3.593750e-01 2.890625e-01
3.593750e-01 2.968750e-01
3.593750e-01 3.046875e-01
3.593750e-01 3.125000e-01
3.593750e-01 3.203125e-01
3.593750e-01 3.281250e-01
3.593750e-01 3.359375e-01
3.593750e-01 3.437500e-01
3.593750e-01 3.515625e-01
3.593750e-01 3.593750e-01
3.593750e-01 3.671875e-01
3.593750e-01 3.750000e-01
3.593750e-01 3.828125e-01
3.593750e-01 3.906250e-01
3.593750e-01 3.984375e-01
3.593750e-01 4.062500e-01
3.593750e-01 4.140625e-01
3.593750e-01 4.218750e-01
3.593750e-01 4.296875e-01
3.593750e-01 4.375000e-01
3.593750e-01 4.453125e-01
3.593750e-01 4.531250e-01
3.593750e-01 4.609375e-01
3.593750e-01 4.687500e-01
3.593750e-01 4.765625e-01
3.593750e-01 4.843750e-01
3.593750e-01 4.921875e-01
3.593750e-01 5.000000e-01
3.671875e-01 2.500000e-01
3.671875e-01 2.578125e-01
3.671875e-01 2.656250e-01
3.671875e-01 2.734375e-01
3.671875e-01 2.812500e-01
3.671875e-01 2.890625e-01
3.671875e-01 2.968750e-01
3.671875e-01 3.046875e-01
3.671875e-01 3.125000e-01
3.671875e-01 3.203125e-01
3.671875e-01 3.281250e-01
3.671875e-01 3.359375e-01
3.671875e-01 3.437500e-01
3.671875e-01 3.515625e-01
3.671875e-01 3.593750e-01
3.671875e-01 3.671875e-01
3.671875e-01 3.750000e-01
3.671875e-01 3.828125e-01
3.671875e-01 3.906250e-01
3.671875e-01 3.984375e-01
3.671875e-01 4.062500e-01
3.671875e-01 4.140625e-01
3.671875e-01 4.218750e-01
3.671875e-01 4.296875e-01
3.671875e-01 4.375000e-01
3.671875e-01 4.453125e-01
3.671875e-01 4.531250e-01
3.671875e-01 4.609375e-01
3.671875e-01 4.687500e-01
3.671875e-01 4.765625e-01
3.671875e-01 4.843750e-01
3.671875e-01 4.921875e-01
3.671875e-01 5.000000e-01
3.750000e-01 2.500000e-01
3.750000e-01 2.578125e-01
3.750000e-01 2.656250e-01
3.750000e-01 2.734375e-01
3.750000e-01 2.812500e-01
3.750000e-01 2.890625e-01
3.750000e-01 2.968750e-01
3.750000e-01 3.046875e-01
3.750000e-01 3.125000e-01
3.750000e-01 3.203125e-01
3.750000e-01 3.281250e-01
3.750000e-01 3.359375e-01
3.750000e-01 3.437500e-01
3.750000e-01 3.515625e-01
3.750000e-01 3.593750e-01
3.750000e-01 3.671875e-01
3.750000e-01 3.750000e-01
3.750000e-01 3.828125e-01
3.750000e-01 3.906250e-01
3.750000e-01 3.984375e-01
3.750000e-01 4.062500e-01
3.750000e-01 4.140625e-01
3.750000e-01 4.218750e-01
3.750000e-01 4.296875e-01
3.750000e-01 4.375000e-01
3.750000e-01 4.453125e-01
3.750000e-01 4.531250e-01
3.750000e-01 4.609375e-01
3.750000e-01 4.687500e-01
3.750000e-01 4.765625e-01
3.750000e-01 4.843750e-01
3.750000e-01 4.921875e-01
3.750000e-01 5.000000e-01
3.828125e-01 2.500000e-01
3.828125e-01 2.578125e-01
3.828125e-01 2.656250e-01
3.828125e-01 2.734375e-01
3.828125e-01 2.812500e-01
3.828125e-01 2.890625e-01
3.828125e-01 2.968750e-01
3.828125e-01 3.046875e-01
3.828125e-01 3.125000e-01
3.828125e-01 3.203125e-01
3.828125e-01 3.281250e-01
3.828125e-01 3.359375e-01
3.828125e-01 3.437500e-01
3.828125e-01 3.515625e-01
3.828125e-01 3.593750e-01
3.828125e-01 3.671875e-01
3.828125e-01 3.750000e-01
3.828125e-01 3.828125e-01
3.828125e-01 3.906250e-01
3.828125e-01 3.984375e-01
3.828125e-01 4.062500e-01
3.828125e-01 4.140625e-01
3.828125e-01 4.218750e-01
3.828125e-01 4.296875e-01
3.828125e-01 4.375000e-01
3.828125e-01 4.453125e-01
3.828125e-01 4.531250e-01
3.828125e-01 4.609375e-01
3.828125e-01 4.687500e-01
3.828125e-01 4.765625e-01
3.828125e-01 4.843750e-01
3.828125e-01 4.921875e-01
3.828125e-01 5.000000e-01
3.906250e-01 2.500000e-01
3.906250e-01 2.578125e-01
3.906250e-01 2.656250e-01
3.906250e-01 2.734375e-01
3.906250e-01 2.812500e-01
3.906250e-01 2.890625e-01
3.906250e-01 2.968750e-01
3.906250e-01 3.046875e-01
3.906250e-01 3.125000e-01
3.906250e-01 3.203125e-01
3.906250e-01 3.281250e-01
3.906250e-01 3.359375e-01
3.906250e-01 3.437500e-01
3.906250e-01 3.515625e-01
3.906250e-01 3.593750e-01
3.906250e-01 3.671875e-01
3.906250e-01 3.750000e-01
3.906250e-01 3.828125e-01
3.906250e-01 3.906250e-01
3.906250e-01 3.984375e-01
3.906250e-01 4.062500e-01
3.906250e-01 4.140625e-01
3.906250e-01 4.218750e-01
3.906250e-01 4.296875e-01
3.906250e-01 4.375000e-01
3.906250e-01 4.453125e-01
3.906250e-01 4.531250e-01
3.906250e-01 4.609375e-01
3.906250e-01 4.687500e-01
3.906250e-01 4.765625e-01
3.906250e-01 4.843750e-01
3.906250e-01 4.921875e-01
3.906250e-01 5.000000e-01
3.984375e-01 2.500000e-01
3.984375e-01 2.578125e-01
3.984375e-01 2.656250e-01
3.984375e-01 2.734375e-01
3.984375e-01 2.812500e-01
3.984375e-01 2.890625e-01
3.984375e-01 2.968750e-01
3.984375e-01 3.046875e-01
3.984375e-01 3.125000e-01
3.984375e-01 3.203125e-01
3.984375e-01 3.281250e-01
3.984375e-01 3.359375e-01
3.984375e-01 3.437500e-01
3.984375e-01 3.515625e-01
3.984375e-01 3.593750e-01
3.984375e-01 3.671875e-01
3.984375e-01 3.750000e-01
3.984375e-01 3.828125e-01
3.984375e-01 3.906250e-01
3.984375e-01 3.984375e-01
3.984375e-01 4.062500e-01
3.984375e-01 4.140625e-01
3.984375e-01 4.218750e-01
3.984375e-01 4.296875e-01
3.984375e-01 4.375000e-01
3.984375e-01 4.453125e-01
3.984375e-01 4.531250e-01
3.984375e-01 4.609375e-01
3.984375e-01 4.687500e-01
3.984375e-01 4.765625e-01
3.984375e-01 4.843750e-01
3.984375e-01 4.921875e-01
3.984375e-01 5.000000e-01
4.062500e-01 2.500000e-01
4.062500e-01 2.578125e-01
4.062500e-01 2.656250e-01
4.062500e-01 2.734375e-01
4.062500e-01 2.812500e-01
4.062500e-01 2.890625e-01
4.062500e-01 2.968750e-01
4.062500e-01 3.046875e-01
4.062500e-01 3.125000e-01
4.062500e-01 3.203125e-01
4.062500e-01 3.281250e-01
4.062500e-01 3.359375e-01
4.062500e-01 3.437500e-01
4.062500e-01 3.515625e-01
4.062500e-01 3.593750e-01
4.062500e-01 3.671875e-01
4.062500e-01 3.750000e-01
4.062500e-01 3.828125e-01
4.062500e-01 3.906250e-01
4.062500e-01 3.984375e-01
4.062500e-01 4.062500e-01
4.062500e-01 4.140625e-01
4.062500e-01 4.218750e-01
4.062500e-01 4.296875e-01
4.062500e-01 4.375000e-01
4.062500e-01 4.453125e-01
4.062500e-01 4.531250e-01
4.062500e-01 4.609375e-01
4.062500e-01 4.687500e-01
4.062500e-01 4.765625e-01
4.062500e-01 4.843750e-01
4.062500e-01 4.921875e-01
4.062500e-01 5.000000e-01
4.140625e-01 2.500000e-01
4.140625e-01 2.578125e-01
4.140625e-01 2.656250e-01
4.140625e-01 2.734375e-01
4.140625e-01 2.812500e-01
4.140625e-01 2.890625e-01
4.140625e-01 2.968750e-01
4.140625e-01 3.046875e-01
4.140625e-01 3.125000e-01
4.140625e-01 3.203125e-01
4.140625e-01 3.281250e-01
4.140625e-01 3.359375e-01
4.140625e-01 3.437500e-01
4.140625e-01 3.515625e-01
4.140625e-01 3.593750e-01
4.140625e-01 3.671875e-01
4.140625e-01 3.750000e-01
4.140625e-01 3.828125e-01
4.140625e-01 3.906250e-01
4.140625e-01 3.984375e-01
4.140625e-01 4.062500e-01
4.140625e-01 4.140625e-01
4.140625e-01 4.218750e-01
4.140625e-01 4.296875e-01
4.140625e-01 4.375000e-01
4.140625e-01 4.453125e-01
4.140625e-01 4.531250e-01
4.140625e-01 4.609375e-01
4.140625e-01 4.687500e-01
4.140625e-01 4.765625e-01
4.140625e-01 4.843750e-01
4.140625e-01 4.921875e-01
4.140625e-01 5.000000e-01
4.218750e-01 2.500000e-01
4.218750e-01 2.578125e-01
4.218750e-01 2.656250e-01
4.218750e-01 2.734375e-01
4.218750e-01 2.812500e-01
4.218750e-01 2.890625e-01
4.218750e-01 2.968750e-01
4.218750e-01 3.046875e-01
4.218750e-01 3.125000e-01
4.218750e-01 3.203125e-01
4.218750e-01 3.281250e-01
4.218750e-01 3.359375e-01
4.218750e-01 3.437500e-01
4.218750e-01 3.515625e-01
4.218750e-01 3.593750e-01
4.218750e-01 3.671875e-01
4.218750e-01 3.750000e-01
4.218750e-01 3.828125e-01
4.218750e-01 3.906250e-01
4.218750e-01 3.984375e-01
4.218750e-01 4.062500e-01
4.218750e-01 4.140625e-01
4.218750e-01 4.218750e-01
4.218750e-01 4.296875e-01
4.218750e-01 4.375000e-01
4.218750e-01 4.453125e-01
4.218750e-01 4.531250e-01
4.218750e-01 4.609375e-01
4.218750e-01 4.687500e-01
4.218750e-01 4.765625e-01
4.218750e-01 4.843750e-01
4.218750e-01 4.921875e-01
4.218750e-01 5.000000e-01
4.296875e-01 2.500000e-01
4.296875e-01 2.578125e-01
4.296875e-01 2.656250e-01
4.296875e-01 2.734375e-01
4.296875e-01 2.812500e-01
4.296875e-01 2.890625e-01
4.296875e-01 2.968750e-01
4.296875e-01 3.046875e-01
4.296875e-01 3.125000e-01
4.296875e-01 3.203125e-01
4.296875e-01 3.281250e-01
4.296875e-01 3.359375e-01
4.296875e-01 3.437500e-01
4.296875e-01 3.515625e-01
4.296875e-01 3.593750e-01
4.296875e-01 3.671875e-01
4.296875e-01 3.750000e-01
4.296875e-01 3.828125e-01
4.296875e-01 3.906250e-01
4.296875e-01 3.984375e-01
4.296875e-01 4.062500e-01
4.296875e-01 4.140625e-01
4.296875e-01 4.218750e-01
4.296875e-01 4.296875e-01
4.296875e-01 4.375000e-01
4.296875e-01 4.453125e-01
4.296875e-01 4.531250e-01
4.296875e-01 4.609375e-01
4.296875e-01 4.687500e-01
4.296875e-01 4.765625e-01
4.296875e-01 4.843750e-01
4.296875e-01 4.921875e-01
4.296875e-01 5.000000e-01
4.375000e-01 2.500000e-01
4.375000e-01 2.578125e-01
4.375000e-01 2.656250e-01
4.375000e-01 2.734375e-01
4.375000e-01 2.812500e-01
4.375000e-01 2.890625e-01
4.375000e-01 2.968750e-01
4.375000e-01 3.046875e-01
4.375000e-01 3.125000e-01
4.375000e-01 3.203125e-01
4.375000e-01 3.281250e-01
4.375000e-01 3.359375e-01
4.375000e-01 3.437500e-01
4.375000e-01 3.515625e-01
4.375000e-01 3.593750e-01
4.375000e-01 3.671875e-01
4.375000e-01 3.750000e-01
4.375000e-01 3.828125e-01
4.375000e-01 3.906250e-01
4.375000e-01 3.984375e-01
4.375000e-01 4.062500e-01
4.375000e-01 4.140625e-01
4.375000e-01 4.218750e-01
4.375000e-01 4.296875e-01
4.375000e-01 4.375000e-01
4.375000e-01 4.453125e-01
4.375000e-01 4.531250e-01
4.375000e-01 4.609375e-01
4.375000e-01 4.687500e-01
4.375000e-01 4.765625e-01
4.375000e-01 4.843750e-01
4.375000e-01 4.921875e-01
4.375000e-01 5.000000e-01
4.453125e-01 2.500000e-01
4.453125e-01 2.578125e-01
4.453125e-01 2.656250e-01
4.453125e-01 2.734375e-01
4.453125e-01 2.812500e-01
4.453125e-01 2.890625e-01
4.453125e-01 2.968750e-01
4.453125e-01 3.046875e-01
4.453125e-01 3.125000e-01
4.453125e-01 3.203125e-01
4.453125e-01 3.281250e-01
4.453125e-01 3.359375e-01
4.453125e-01 3.437500e-01
4.453125e-01 3.515625e-01
4.453125e-01 3.593750e-01
4.453125e-01 3.671875e-01
4.453125e-01 3.750000e-01
4.453125e-01 3.828125e-01
4.453125e-01 3.906250e-01
4.453125e-01 3.984375e-01
4.453125e-01 4.062500e-01
4.453125e-01 4.140625e-01
4.453125e-01 4.218750e-01
4.453125e-01 4.296875e-01
4.453125e-01 4.375000e-01
4.453125e-01 4.453125e-01
4.453125e-01 4.531250e-01
4.453125e-01 4.609375e-01
4.453125e-01 4.687500e-01
4.453125e-01 4.765625e-01
4.453125e-01 4.843750e-01
4.453125e-01 4.921875e-01
4.453125e-01 5.000000e-01
4.531250e-01 2.500000e-01
4.531250e-01 2.578125e-01
4.531250e-01 2.656250e-01
4.531250e-01 2.734375e-01
4.531250e-01 2.812500e-01
4.531250e-01 2.890625e-01
4.531250e-01 2.968750e-01
4.531250e-01 3.046875e-01
4.531250e-01 3.125000e-01
4.531250e-01 3.203125e-01
4.531250e-01 3.281250e-01
4.531250e-01 3.359375e-01
4.531250e-01 3.437500e-01
4.531250e-01 3.515625e-01
4.531250e-01 3.593750e-01
4.531250e-01 3.671875e-01
4.531250e-01 3.750000e-01
4.531250e-01 3.828125e-01
4.531250e-01 3.906250e-01
4.531250e-01 3.984375e-01
4.531250e-01 4.062500e-01
4.531250e-01 4.140625e-01
4.531250e-01 4.218750e-01
4.531250e-01 4.296875e-01
4.531250e-01 4.375000e-01
4.531250e-01 4.453125e-01
4.531250e-01 4.531250e-01
4.531250e-01 4.609375e-01
4.531250e-01 4.687500e-01
4.531250e-01 4.765625e-01
4.531250e-01 4.843750e-01
4.531250e-01 4.921875e-01
4.531250e-01 5.000000e-01
4.609375e-01 2.500000e-01
4.609375e-01 2.578125e-01
4.609375e-01 2.656250e-01
4.609375e-01 2.734375e-01
4.609375e-01 2.812500e-01
4.609375e-01 2.890625e-01
4.609375e-01 2.968750e-01
4.609375e-01 3.046875e-01
4.609375e-01 3.125000e-01
4.609375e-01 3.203125e-01
4.609375e-01 3.281250e-01
4.609375e-01 3.359375e-01
4.609375e-01 3.437500e-01
4.609375e-01 3.515625e-01
4.609375e-01 3.593750e-01
4.609375e-01 3.671875e-01
4.609375e-01 3.750000e-01
4.609375e-01 3.828125e-01
4.609375e-01 3.906250e-01
4.609375e-01 3.984375e-01
4.609375e-01 4.062500e-01
4.609375e-01 4.140625e-01
4.609375e-01 4.218750e-01
4.609375e-01 4.296875e-01
4.609375e-01 4.375000e-01
4.609375e-01 4.453125e-01
4.609375e-01 4.531250e-01
4.609375e-01 4.609375e-01
4.609375e-01 4.687500e-01
4.609375e-01 4.765625e-01
4.609375e-01 4.843750e-01
4.609375e-01 4.921875e-01
4.609375e-01 5.000000e-01
4.687500e-01 2.500000e-01
4.687500e-01 2.578125e-01
4.687500e-01 2.656250e-01
4.687500e-01 2.734375e-01
4.687500e-01 2.812500e-01
4.687500e-01 2.890625e-01
4.687500e-01 2.968750e-01
4.687500e-01 3.046875e-01
4.687500e-01 3.125000e-01
4.687500e-01 3.203125e-01
4.687500e-01 3.281250e-01
4.687500e-01 3.359375e-01
4.687500e-01 3.437500e-01
4.687500e-01 3.515625e-01
4.687500e-01 3.593750e-01
4.687500e-01 3.671875e-01
4.687500e-01 3.750000e-01
4.687500e-01 3.828125e-01
4.687500e-01 3.906250e-01
4.687500e-01 3.984375e-01
4.687500e-01 4.062500e-01
4.687500e-01 4.140625e-01
4.687500e-01 4.218750e-01
4.687500e-01 4.296875e-01
4.687500e-01 4.375000e-01
4.687500e-01 4.453125e-01
4.687500e-01 4.531250e-01
4.687500e-01 4.609375e-01
4.687500e-01 4.687500e-01
4.687500e-01 4.765625e-01
4.687500e-01 4.843750e-01
4.687500e-01 4.921875e-01
4.687500e-01 5.000000e-01
4.765625e-01 2.500000e-01
4.765625e-01 2.578125e-01
4.765625e-01 2.656250e-01
4.765625e-01 2.734375e-01
4.765625e-01 2.812500e-01
4.765625e-01 2.890625e-01
4.765625e-01 2.968750e-01
4.765625e-01 3.046875e-01
4.765625e-01 3.125000e-01
4.765625e-01 3.203125e-01
4.765625e-01 3.281250e-01
4.765625e-01 3.359375e-01
4.765625e-01 3.437500e-01
4.765625e-01 3.515625e-01
4.765625e-01 3.593750e-01
4.765625e-01 3.671875e-01
4.765625e-01 3.750000e-01
4.765625e-01 3.828125e-01
4.765625e-01 3.906250e-01
4.765625e-01 3.984375e-01
4.765625e-01 4.062500e-01
4.765625e-01 4.140625e-01
4.765625e-01 4.218750e-01
4.765625e-01 4.296875e-01
4.765625e-01 4.375000e-01
4.765625e-01 4.453125e-01
4.765625e-01 4.531250e-01
4.765625e-01 4.609375e-01
4.765625e-01 4.687500e-01
4.765625e-01 4.765625e-01
4.765625e-01 4.843750e-01
4.765625e-01 4.921875e-01
4.765625e-01 5.000000e-01
4.843750e-01 2.500000e-01
4.843750e-01 2.578125e-01
4.843750e-01 2.656250e-01
4.843750e-01 2.734375e-01
4.843750e-01 2.812500e-01
4.843750e-01 2.890625e-01
4.843750e-01 2.968750e-01
4.843750e-01 3.046875e-01
4.843750e-01 3.125000e-01
4.843750e-01 3.203125e-01
4.843750e-01 3.281250e-01
4.843750e-01 3.359375e-01
4.843750e-01 3.437500e-01
4.843750e-01 3.515625e-01
4.843750e-01 3.593750e-01
4.843750e-01 3.671875e-01
4.843750e-01 3.750000e-01
4.843750e-01 3.828125e-01
4.843750e-01 3.906250e-01
4.843750e-01 3.984375e-01
4.843750e-01 4.062500e-01
4.843750e-01 4.140625e-01
4.843750e-01 4.218750e-01
4.843750e-01 4.296875e-01
4.843750e-01 4.375000e-01
4.843750e-01 4.453125e-01
4.843750e-01 4.531250e-01
4.843750e-01 4.609375e-01
4.843750e-01 4.687500e-01
4.843750e-01 4.765625e-01
4.843750e-01 4.843750e-01
4.843750e-01 4.921875e-01
4.843750e-01 5.000000e-01
4.921875e-01 2.500000e-01
4.921875e-01 2.578125e-01
4.921875e-01 2.656250e-01
4.921875e-01 2.734375e-01
4.921875e-01 2.812500e-01
4.921875e-01 2.890625e-01
4.921875e-01 2.968750e-01
4.921875e-01 3.046875e-01
4.921875e-01 3.125000e-01
4.921875e-01 3.203125e-01
4.921875e-01 3.281250e-01
4.921875e-01 3.359375e-01
4.921875e-01 3.437500e-01
4.921875e-01 3.515625e-01
4.921875e-01 3.593750e-01
4.921875e-01 3.671875e-01
4.921875e-01 3.750000e-01
4.921875e-01 3.828125e-01
4.921875e-01 3.906250e-01
4.921875e-01 3.984375e-01
4.921875e-01 4.062500e-01
4.921875e-01 4.140625e-01
4.921875e-01 4.218750e-01
4.921875e-01 4.296875e-01
4.921875e-01 4.375000e-01
4.921875e-01 4.453125e-01
4.921875e-01 4.531250e-01
4.921875e-01 4.609375e-01
4.921875e-01 4.687500e-01
4.921875e-01 4.765625e-01
4.921875e-01 4.843750e-01
4.921875e-01 4.921875e-01
4.921875e-01 5.000000e-01
5.000000e-01 2.500000e-01
5.000000e-01 2.578125e-01
5.000000e-01 2.656250e-01
5.000000e-01 2.734375e-01
5.000000e-01 2.812500e-01
5.000000e-01 2.890625e-01
5.000000e-01 2.968750e-01
5.000000e-01 3.046875e-01
5.000000e-01 3.125000e-01
5.000000e-01 3.203125e-01
5.000000e-01 3.281250e-01
5.000000e-01 3.359375e-01
5.000000e-01 3.437500e-01
5.000000e-01 3.515625e-01
5.000000e-01 3.593750e-01
5.000000e-01 3.671875e-01
5.000000e-01 3.750000e-01
5.000000e-01 3.828125e-01
5.000000e-01 3.906250e-01
5.000000e-01 3.984375e-01
5.000000e-01 4.062500e-01
5.000000e-01 4.140625e-01
5.000000e-01 4.218750e-01
5.000000e-01 4.296875e-01
5.000000e-01 4.375000e-01
5.000000e-01 4.453125e-01
5.000000e-01 4.531250e-01
5.000000e-01 4.609375e-01
5.000000e-01 4.687500e-01
5.000000e-01 4.765625e-01
5.000000e-01 4.843750e-01
5.000000e-01 4.921875e-01
5.000000e-01 5.000000e-01
