2.500000e-01 7.500000e-01
2.500000e-01 7.578125e-01
2.500000e-01 7.656250e-01
2.500000e-01 7.734375e-01
2.500000e-01 7.812500e-01
2.500000e-01 7.890625e-01
2.500000e-01 7.968750e-01
2.500000e-01 8.046875e-01
2.500000e-01 8.125000e-01
2.500000e-01 8.203125e-01
2.500000e-01 8.281250e-01
2.500000e-01 8.359375e-01
2.500000e-01 8.437500e-01
2.500000e-01 8.515625e-01
2.500000e-01 8.593750e-01
2.500000e-01 8.671875e-01
2.500000e-01 8.750000e-01
2.500000e-01 8.828125e-01
2.500000e-01 8.906250e-01
2.500000e-01 8.984375e-01
2.500000e-01 9.062500e-01
2.500000e-01 9.140625e-01
2.500000e-01 9.218750e-01
2.500000e-01 9.296875e-01
2.500000e-01 9.375000e-01
2.500000e-01 9.453125e-01
2.500000e-01 9.531250e-01
2.500000e-01 9.609375e-01
2.500000e-01 9.687500e-01
2.500000e-01 9.765625e-01
2.500000e-01 9.843750e-01
2.500000e-01 9.921875e-01
2.500000e-01 1.000000e+00
2.578125e-01 7.500000e-01
2.578125e-01 7.578125e-01
2.578125e-01 7.656250e-01
2.578125e-01 7.734375e-01
2.578125e-01 7.812500e-01
2.578125e-01 7.890625e-01
2.578125e-01 7.968750e-01
2.578125e-01 8.046875e-01
2.578125e-01 8.125000e-01
2.578125e-01 8.203125e-01
2.578125e-01 8.281250e-01
2.578125e-01 8.359375e-01
2.578125e-01 8.437500e-01
2.578125e-01 8.515625e-01
2.578125e-01 8.593750e-01
2.578125e-01 8.671875e-01
2.578125e-01 8.750000e-01
2.578125e-01 8.828125e-01
2.578125e-01 8.906250e-01
2.578125e-01 8.984375e-01
2.578125e-01 9.062500e-01
2.578125e-01 9.140625e-01
2.578125e-01 9.218750e-01
2.578125e-01 9.296875e-01
2.578125e-01 9.375000e-01
2.578125e-01 9.453125e-01
2.578125e-01 9.531250e-01
2.578125e-01 9.609375e-01
2.578125e-01 9.687500e-01
2.578125e-01 9.765625e-01
2.578125e-01 9.843750e-01
2.578125e-01 9.921875e-01
2.578125e-01 1.000000e+00
2.656250e-01 7.500000e-01
2.656250e-01 7.578125e-01
2.656250e-01 7.656250e-01
2.656250e-01 7.734375e-01
2.656250e-01 7.812500e-01
2.656250e-01 7.890625e-01
2.656250e-01 7.968750e-01
2.656250e-01 8.046875e-01
2.656250e-01 8.125000e-01
2.656250e-01 8.203125e-01
2.656250e-01 8.281250e-01
2.656250e-01 8.359375e-01
2.656250e-01 8.437500e-01
2.656250e-01 8.515625e-01
2.656250e-01 8.593750e-01
2.656250e-01 8.671875e-01
2.656250e-01 8.750000e-01
2.656250e-01 8.828125e-01
2.656250e-01 8.906250e-01
2.656250e-01 8.984375e-01
2.656250e-01 9.062500e-01
2.656250e-01 9.140625e-01
2.656250e-01 9.218750e-01
2.656250e-01 9.296875e-01
2.656250e-01 9.375000e-01
2.656250e-01 9.453125e-01
2.656250e-01 9.531250e-01
2.656250e-01 9.609375e-01
2.656250e-01 9.687500e-01
2.656250e-01 9.765625e-01
2.656250e-01 9.843750e-01
2.656250e-01 9.921875e-01
2.656250e-01 1.000000e+00
2.734375e-01 7.500000e-01
2.734375e-01 7.578125e-01
2.734375e-01 7.656250e-01
2.734375e-01 7.734375e-01
2.734375e-01 7.812500e-01
2.734375e-01 7.890625e-01
2.734375e-01 7.968750e-01
2.734375e-01 8.046875e-01
2.734375e-01 8.125000e-01
2.734375e-01 8.203125e-01
2.734375e-01 8.281250e-01
2.734375e-01 8.359375e-01
2.734375e-01 8.437500e-01
2.734375e-01 8.515625e-01
2.734375e-01 8.593750e-01
2.734375e-01 8.671875e-01
2.734375e-01 8.750000e-01
2.734375e-01 8.828125e-01
2.734375e-01 8.906250e-01
2.734375e-01 8.984375e-01
2.734375e-01 9.062500e-01
2.734375e-01 9.140625e-01
2.734375e-01 9.218750e-01
2.734375e-01 9.296875e-01
2.734375e-01 9.375000e-01
2.734375e-01 9.453125e-01
2.734375e-01 9.531250e-01
2.734375e-01 9.609375e-01
2.734375e-01 9.687500e-01
2.734375e-01 9.765625e-01
2.734375e-01 9.843750e-01
2.734375e-01 9.921875e-01
2.734375e-01 1.000000e+00
2.812500e-01 7.500000e-01
2.812500e-01 7.578125e-01
2.812500e-01 7.656250e-01
2.812500e-01 7.734375e-01
2.812500e-01 7.812500e-01
2.812500e-01 7.890625e-01
2.812500e-01 7.968750e-01
2.812500e-01 8.046875e-01
2.812500e-01 8.125000e-01
2.812500e-01 8.203125e-01
2.812500e-01 8.281250e-01
2.812500e-01 8.359375e-01
2.812500e-01 8.437500e-01
2.812500e-01 8.515625e-01
2.812500e-01 8.593750e-01
2.812500e-01 8.671875e-01
2.812500e-01 8.750000e-01
2.812500e-01 8.828125e-01
2.812500e-01 8.906250e-01
2.812500e-01 8.984375e-01
2.812500e-01 9.062500e-01
2.812500e-01 9.140625e-01
2.812500e-01 9.218750e-01
2.812500e-01 9.296875e-01
2.812500e-01 9.375000e-01
2.812500e-01 9.453125e-01
2.812500e-01 9.531250e-01
2.812500e-01 9.609375e-01
2.812500e-01 9.687500e-01
2.812500e-01 9.765625e-01
2.812500e-01 9.843750e-01
2.812500e-01 9.921875e-01
2.812500e-01 1.000000e+00
2.890625e-01 7.500000e-01
2.890625e-01 7.578125e-01
2.890625e-01 7.656250e-01
2.890625e-01 7.734375e-01
2.890625e-01 7.812500e-01
2.890625e-01 7.890625e-01
2.890625e-01 7.968750e-01
2.890625e-01 8.046875e-01
2.890625e-01 8.125000e-01
2.890625e-01 8.203125e-01
2.890625e-01 8.281250e-01
2.890625e-01 8.359375e-01
2.890625e-01 8.437500e-01
2.890625e-01 8.515625e-01
2.890625e-01 8.593750e-01
2.890625e-01 8.671875e-01
2.890625e-01 8.750000e-01
2.890625e-01 8.828125e-01
2.890625e-01 8.906250e-01
2.890625e-01 8.984375e-01
2.890625e-01 9.062500e-01
2.890625e-01 9.140625e-01
2.890625e-01 9.218750e-01
2.890625e-01 9.296875e-01
2.890625e-01 9.375000e-01
2.890625e-01 9.453125e-01
2.890625e-01 9.531250e-01
2.890625e-01 9.609375e-01
2.890625e-01 9.687500e-01
2.890625e-01 9.765625e-01
2.890625e-01 9.843750e-01
2.890625e-01 9.921875e-01
2.890625e-01 1.000000e+00
2.968750e-01 7.500000e-01
2.968750e-01 7.578125e-01
2.968750e-01 7.656250e-01
2.968750e-01 7.734375e-01
2.968750e-01 7.812500e-01
2.968750e-01 7.890625e-01
2.968750e-01 7.968750e-01
2.968750e-01 8.046875e-01
2.968750e-01 8.125000e-01
2.968750e-01 8.203125e-01
2.968750e-01 8.281250e-01
2.968750e-01 8.359375e-01
2.968750e-01 8.437500e-01
2.968750e-01 8.515625e-01
2.968750e-01 8.593750e-01
2.968750e-01 8.671875e-01
2.968750e-01 8.750000e-01
2.968750e-01 8.828125e-01
2.968750e-01 8.906250e-01
2.968750e-01 8.984375e-01
2.968750e-01 9.062500e-01
2.968750e-01 9.140625e-01
2.968750e-01 9.218750e-01
2.968750e-01 9.296875e-01
2.968750e-01 9.375000e-01
2.968750e-01 9.453125e-01
2.968750e-01 9.531250e-01
2.968750e-01 9.609375e-01
2.968750e-01 9.687500e-01
2.968750e-01 9.765625e-01
2.968750e-01 9.843750e-01
2.968750e-01 9.921875e-01
2.968750e-01 1.000000e+00
3.046875e-01 7.500000e-01
3.046875e-01 7.578125e-01
3.046875e-01 7.656250e-01
3.046875e-01 7.734375e-01
3.046875e-01 7.812500e-01
3.046875e-01 7.890625e-01
3.046875e-01 7.968750e-01
3.046875e-01 8.046875e-01
3.046875e-01 8.125000e-01
3.046875e-01 8.203125e-01
3.046875e-01 8.281250e-01
3.046875e-01 8.359375e-01
3.046875e-01 8.437500e-01
3.046875e-01 8.515625e-01
3.046875e-01 8.593750e-01
3.046875e-01 8.671875e-01
3.046875e-01 8.750000e-01
3.046875e-01 8.828125e-01
3.046875e-01 8.906250e-01
3.046875e-01 8.984375e-01
3.046875e-01 9.062500e-01
3.046875e-01 9.140625e-01
3.046875e-01 9.218750e-01
3.046875e-01 9.296875e-01
3.046875e-01 9.375000e-01
3.046875e-01 9.453125e-01
3.046875e-01 9.531250e-01
3.046875e-01 9.609375e-01
3.046875e-01 9.687500e-01
3.046875e-01 9.765625e-01
3.046875e-01 9.843750e-01
3.046875e-01 9.921875e-01
3.046875e-01 1.000000e+00
3.125000e-01 7.500000e-01
3.125000e-01 7.578125e-01
3.125000e-01 7.656250e-01
3.125000e-01 7.734375e-01
3.125000e-01 7.812500e-01
3.125000e-01 7.890625e-01
3.125000e-01 7.968750e-01
3.125000e-01 8.046875e-01
3.125000e-01 8.125000e-01
3.125000e-01 8.203125e-01
3.125000e-01 8.281250e-01
3.125000e-01 8.359375e-01
3.125000e-01 8.437500e-01
3.125000e-01 8.515625e-01
3.125000e-01 8.593750e-01
3.125000e-01 8.671875e-01
3.125000e-01 8.750000e-01
3.125000e-01 8.828125e-01
3.125000e-01 8.906250e-01
3.125000e-01 8.984375e-01
3.125000e-01 9.062500e-01
3.125000e-01 9.140625e-01
3.125000e-01 9.218750e-01
3.125000e-01 9.296875e-01
3.125000e-01 9.375000e-01
3.125000e-01 9.453125e-01
3.125000e-01 9.531250e-01
3.125000e-01 9.609375e-01
3.125000e-01 9.687500e-01
3.125000e-01 9.765625e-01
3.125000e-01 9.843750e-01
3.125000e-01 9.921875e-01
3.125000e-01 1.000000e+00
3.203125e-01 7.500000e-01
3.203125e-01 7.578125e-01
3.203125e-01 7.656250e-01
3.203125e-01 7.734375e-01
3.203125e-01 7.812500e-01
3.203125e-01 7.890625e-01
3.203125e-01 7.968750e-01
3.203125e-01 8.046875e-01
3.203125e-01 8.125000e-01
3.203125e-01 8.203125e-01
3.203125e-01 8.281250e-01
3.203125e-01 8.359375e-01
3.203125e-01 8.437500e-01
3.203125e-01 8.515625e-01
3.203125e-01 8.593750e-01
3.203125e-01 8.671875e-01
3.203125e-01 8.750000e-01
3.203125e-01 8.828125e-01
3.203125e-01 8.906250e-01
3.203125e-01 8.984375e-01
3.203125e-01 9.062500e-01
3.203125e-01 9.140625e-01
3.203125e-01 9.218750e-01
3.203125e-01 9.296875e-01
3.203125e-01 9.375000e-01
3.203125e-01 9.453125e-01
3.203125e-01 9.531250e-01
3.203125e-01 9.609375e-01
3.203125e-01 9.687500e-01
3.203125e-01 9.765625e-01
3.203125e-01 9.843750e-01
3.203125e-01 9.921875e-01
3.203125e-01 1.000000e+00
3.281250e-01 7.500000e-01
3.281250e-01 7.578125e-01
3.281250e-01 7.656250e-01
3.281250e-01 7.734375e-01
3.281250e-01 7.812500e-01
3.281250e-01 7.890625e-01
3.281250e-01 7.968750e-01
3.281250e-01 8.046875e-01
3.281250e-01 8.125000e-01
3.281250e-01 8.203125e-01
3.281250e-01 8.281250e-01
3.281250e-01 8.359375e-01
3.281250e-01 8.437500e-01
3.281250e-01 8.515625e-01
3.281250e-01 8.593750e-01
3.281250e-01 8.671875e-01
3.281250e-01 8.750000e-01
3.281250e-01 8.828125e-01
3.281250e-01 8.906250e-01
3.281250e-01 8.984375e-01
3.281250e-01 9.062500e-01
3.281250e-01 9.140625e-01
3.281250e-01 9.218750e-01
3.281250e-01 9.296875e-01
3.281250e-01 9.375000e-01
3.281250e-01 9.453125e-01
3.281250e-01 9.531250e-01
3.281250e-01 9.609375e-01
3.281250e-01 9.687500e-01
3.281250e-01 9.765625e-01
3.281250e-01 9.843750e-01
3.281250e-01 9.921875e-01
3.281250e-01 1.000000e+00
3.359375e-01 7.500000e-01
3.359375e-01 7.578125e-01
3.359375e-01 7.656250e-01
3.359375e-01 7.734375e-01
3.359375e-01 7.812500e-01
3.359375e-01 7.890625e-01
3.359375e-01 7.968750e-01
3.359375e-01 8.046875e-01
3.359375e-01 8.125000e-01
3.359375e-01 8.203125e-01
3.359375e-01 8.281250e-01
3.359375e-01 8.359375e-01
3.359375e-01 8.437500e-01
3.359375e-01 8.515625e-01
3.359375e-01 8.593750e-01
3.359375e-01 8.671875e-01
3.359375e-01 8.750000e-01
3.359375e-01 8.828125e-01
3.359375e-01 8.906250e-01
3.359375e-01 8.984375e-01
3.359375e-01 9.062500e-01
3.359375e-01 9.140625e-01
3.359375e-01 9.218750e-01
3.359375e-01 9.296875e-01
3.359375e-01 9.375000e-01
3.359375e-01 9.453125e-01
3.359375e-01 9.531250e-01
3.359375e-01 9.609375e-01
3.359375e-01 9.687500e-01
3.359375e-01 9.765625e-01
3.359375e-01 9.843750e-01
3.359375e-01 9.921875e-01
3.359375e-01 1.000000e+00
3.437500e-01 7.500000e-01
3.437500e-01 7.578125e-01
3.437500e-01 7.656250e-01
3.437500e-01 7.734375e-01
3.437500e-01 7.812500e-01
3.437500e-01 7.890625e-01
3.437500e-01 7.968750e-01
3.437500e-01 8.046875e-01
3.437500e-01 8.125000e-01
3.437500e-01 8.203125e-01
3.437500e-01 8.281250e-01
3.437500e-01 8.359375e-01
3.437500e-01 8.437500e-01
3.437500e-01 8.515625e-01
3.437500e-01 8.593750e-01
3.437500e-01 8.671875e-01
3.437500e-01 8.750000e-01
3.437500e-01 8.828125e-01
3.437500e-01 8.906250e-01
3.437500e-01 8.984375e-01
3.437500e-01 9.062500e-01
3.437500e-01 9.140625e-01
3.437500e-01 9.218750e-01
3.437500e-01 9.296875e-01
3.437500e-01 9.375000e-01
3.437500e-01 9.453125e-01
3.437500e-01 9.531250e-01
3.437500e-01 9.609375e-01
3.437500e-01 9.687500e-01
3.437500e-01 9.765625e-01
3.437500e-01 9.843750e-01
3.437500e-01 9.921875e-01
3.437500e-01 1.000000e+00
3.515625e-01 7.500000e-01
3.515625e-01 7.578125e-01
3.515625e-01 7.656250e-01
3.515625e-01 7.734375e-01
3.515625e-01 7.812500e-01
3.515625e-01 7.890625e-01
3.515625e-01 7.968750e-01
3.515625e-01 8.046875e-01
3.515625e-01 8.125000e-01
3.515625e-01 8.203125e-01
3.515625e-01 8.281250e-01
3.515625e-01 8.359375e-01
3.515625e-01 8.437500e-01
3.515625e-01 8.515625e-01
3.515625e-01 8.593750e-01
3.515625e-01 8.671875e-01
3.515625e-01 8.750000e-01
3.515625e-01 8.828125e-01
3.515625e-01 8.906250e-01
3.515625e-01 8.984375e-01
3.515625e-01 9.062500e-01
3.515625e-01 9.140625e-01
3.515625e-01 9.218750e-01
3.515625e-01 9.296875e-01
3.515625e-01 9.375000e-01
3.515625e-01 9.453125e-01
3.515625e-01 9.531250e-01
3.515625e-01 9.609375e-01
3.515625e-01 9.687500e-01
3.515625e-01 9.765625e-01
3.515625e-01 9.843750e-01
3.515625e-01 9.921875e-01
3.515625e-01 1.000000e+00
3.593750e-01 7.500000e-01
3.593750e-01 7.578125e-01
3.593750e-01 7.656250e-01
3.593750e-01 7.734375e-01
3.593750e-01 7.812500e-01
3.593750e-01 7.890625e-01
3.593750e-01 7.968750e-01
3.593750e-01 8.046875e-01
3.593750e-01 8.125000e-01
3.593750e-01 8.203125e-01
3.593750e-01 8.281250e-01
3.593750e-01 8.359375e-01
3.593750e-01 8.437500e-01
3.593750e-01 8.515625e-01
3.593750e-01 8.593750e-01
3.593750e-01 8.671875e-01
3.593750e-01 8.750000e-01
3.593750e-01 8.828125e-01
3.593750e-01 8.906250e-01
3.593750e-01 8.984375e-01
3.593750e-01 9.062500e-01
3.593750e-01 9.140625e-01
3.593750e-01 9.218750e-01
3.593750e-01 9.296875e-01
3.593750e-01 9.375000e-01
3.593750e-01 9.453125e-01
3.593750e-01 9.531250e-01
3.593750e-01 9.609375e-01
3.593750e-01 9.687500e-01
3.593750e-01 9.765625e-01
3.593750e-01 9.843750e-01
3.593750e-01 9.921875e-01
3.593750e-01 1.000000e+00
3.671875e-01 7.500000e-01
3.671875e-01 7.578125e-01
3.671875e-01 7.656250e-01
3.671875e-01 7.734375e-01
3.671875e-01 7.812500e-01
3.671875e-01 7.890625e-01
3.671875e-01 7.968750e-01
3.671875e-01 8.046875e-01
3.671875e-01 8.125000e-01
3.671875e-01 8.203125e-01
3.671875e-01 8.281250e-01
3.671875e-01 8.359375e-01
3.671875e-01 8.437500e-01
3.671875e-01 8.515625e-01
3.671875e-01 8.593750e-01
3.671875e-01 8.671875e-01
3.671875e-01 8.750000e-01
3.671875e-01 8.828125e-01
3.671875e-01 8.906250e-01
3.671875e-01 8.984375e-01
3.671875e-01 9.062500e-01
3.671875e-01 9.140625e-01
3.671875e-01 9.218750e-01
3.671875e-01 9.296875e-01
3.671875e-01 9.375000e-01
3.671875e-01 9.453125e-01
3.671875e-01 9.531250e-01
3.671875e-01 9.609375e-01
3.671875e-01 9.687500e-01
3.671875e-01 9.765625e-01
3.671875e-01 9.843750e-01
3.671875e-01 9.921875e-01
3.671875e-01 1.000000e+00
3.750000e-01 7.500000e-01
3.750000e-01 7.578125e-01
3.750000e-01 7.656250e-01
3.750000e-01 7.734375e-01
3.750000e-01 7.812500e-01
3.750000e-01 7.890625e-01
3.750000e-01 7.968750e-01
3.750000e-01 8.046875e-01
3.750000e-01 8.125000e-01
3.750000e-01 8.203125e-01
3.750000e-01 8.281250e-01
3.750000e-01 8.359375e-01
3.750000e-01 8.437500e-01
3.750000e-01 8.515625e-01
3.750000e-01 8.593750e-01
3.750000e-01 8.671875e-01
3.750000e-01 8.750000e-01
3.750000e-01 8.828125e-01
3.750000e-01 8.906250e-01
3.750000e-01 8.984375e-01
3.750000e-01 9.062500e-01
3.750000e-01 9.140625e-01
3.750000e-01 9.218750e-01
3.750000e-01 9.296875e-01
3.750000e-01 9.375000e-01
3.750000e-01 9.453125e-01
3.750000e-01 9.531250e-01
3.750000e-01 9.609375e-01
3.750000e-01 9.687500e-01
3.750000e-01 9.765625e-01
3.750000e-01 9.843750e-01
3.750000e-01 9.921875e-01
3.750000e-01 1.000000e+00
3.828125e-01 7.500000e-01
3.828125e-01 7.578125e-01
3.828125e-01 7.656250e-01
3.828125e-01 7.734375e-01
3.828125e-01 7.812500e-01
3.828125e-01 7.890625e-01
3.828125e-01 7.968750e-01
3.828125e-01 8.046875e-01
3.828125e-01 8.125000e-01
3.828125e-01 8.203125e-01
3.828125e-01 8.281250e-01
3.828125e-01 8.359375e-01
3.828125e-01 8.437500e-01
3.828125e-01 8.515625e-01
3.828125e-01 8.593750e-01
3.828125e-01 8.671875e-01
3.828125e-01 8.750000e-01
3.828125e-01 8.828125e-01
3.828125e-01 8.906250e-01
3.828125e-01 8.984375e-01
3.828125e-01 9.062500e-01
3.828125e-01 9.140625e-01
3.828125e-01 9.218750e-01
3.828125e-01 9.296875e-01
3.828125e-01 9.375000e-01
3.828125e-01 9.453125e-01
3.828125e-01 9.531250e-01
3.828125e-01 9.609375e-01
3.828125e-01 9.687500e-01
3.828125e-01 9.765625e-01
3.828125e-01 9.843750e-01
3.828125e-01 9.921875e-01
3.828125e-01 1.000000e+00
3.906250e-01 7.500000e-01
3.906250e-01 7.578125e-01
3.906250e-01 7.656250e-01
3.906250e-01 7.734375e-01
3.906250e-01 7.812500e-01
3.906250e-01 7.890625e-01
3.906250e-01 7.968750e-01
3.906250e-01 8.046875e-01
3.906250e-01 8.125000e-01
3.906250e-01 8.203125e-01
3.906250e-01 8.281250e-01
3.906250e-01 8.359375e-01
3.906250e-01 8.437500e-01
3.906250e-01 8.515625e-01
3.906250e-01 8.593750e-01
3.906250e-01 8.671875e-01
3.906250e-01 8.750000e-01
3.906250e-01 8.828125e-01
3.906250e-01 8.906250e-01
3.906250e-01 8.984375e-01
3.906250e-01 9.062500e-01
3.906250e-01 9.140625e-01
3.906250e-01 9.218750e-01
3.906250e-01 9.296875e-01
3.906250e-01 9.375000e-01
3.906250e-01 9.453125e-01
3.906250e-01 9.531250e-01
3.906250e-01 9.609375e-01
3.906250e-01 9.687500e-01
3.906250e-01 9.765625e-01
3.906250e-01 9.843750e-01
3.906250e-01 9.921875e-01
3.906250e-01 1.000000e+00
3.984375e-01 7.500000e-01
3.984375e-01 7.578125e-01
3.984375e-01 7.656250e-01
3.984375e-01 7.734375e-01
3.984375e-01 7.812500e-01
3.984375e-01 7.890625e-01
3.984375e-01 7.968750e-01
3.984375e-01 8.046875e-01
3.984375e-01 8.125000e-01
3.984375e-01 8.203125e-01
3.984375e-01 8.281250e-01
3.984375e-01 8.359375e-01
3.984375e-01 8.437500e-01
3.984375e-01 8.515625e-01
3.984375e-01 8.593750e-01
3.984375e-01 8.671875e-01
3.984375e-01 8.750000e-01
3.984375e-01 8.828125e-01
3.984375e-01 8.906250e-01
3.984375e-01 8.984375e-01
3.984375e-01 9.062500e-01
3.984375e-01 9.140625e-01
3.984375e-01 9.218750e-01
3.984375e-01 9.296875e-01
3.984375e-01 9.375000e-01
3.984375e-01 9.453125e-01
3.984375e-01 9.531250e-01
3.984375e-01 9.609375e-01
3.984375e-01 9.687500e-01
3.984375e-01 9.765625e-01
3.984375e-01 9.843750e-01
3.984375e-01 9.921875e-01
3.984375e-01 1.000000e+00
4.062500e-01 7.500000e-01
4.062500e-01 7.578125e-01
4.062500e-01 7.656250e-01
4.062500e-01 7.734375e-01
4.062500e-01 7.812500e-01
4.062500e-01 7.890625e-01
4.062500e-01 7.968750e-01
4.062500e-01 8.046875e-01
4.062500e-01 8.125000e-01
4.062500e-01 8.203125e-01
4.062500e-01 8.281250e-01
4.062500e-01 8.359375e-01
4.062500e-01 8.437500e-01
4.062500e-01 8.515625e-01
4.062500e-01 8.593750e-01
4.062500e-01 8.671875e-01
4.062500e-01 8.750000e-01
4.062500e-01 8.828125e-01
4.062500e-01 8.906250e-01
4.062500e-01 8.984375e-01
4.062500e-01 9.062500e-01
4.062500e-01 9.140625e-01
4.062500e-01 9.218750e-01
4.062500e-01 9.296875e-01
4.062500e-01 9.375000e-01
4.062500e-01 9.453125e-01
4.062500e-01 9.531250e-01
4.062500e-01 9.609375e-01
4.062500e-01 9.687500e-01
4.062500e-01 9.765625e-01
4.062500e-01 9.843750e-01
4.062500e-01 9.921875e-01
4.062500e-01 1.000000e+00
4.140625e-01 7.500000e-01
4.140625e-01 7.578125e-01
4.140625e-01 7.656250e-01
4.140625e-01 7.734375e-01
4.140625e-01 7.812500e-01
4.140625e-01 7.890625e-01
4.140625e-01 7.968750e-01
4.140625e-01 8.046875e-01
4.140625e-01 8.125000e-01
4.140625e-01 8.203125e-01
4.140625e-01 8.281250e-01
4.140625e-01 8.359375e-01
4.140625e-01 8.437500e-01
4.140625e-01 8.515625e-01
4.140625e-01 8.593750e-01
4.140625e-01 8.671875e-01
4.140625e-01 8.750000e-01
4.140625e-01 8.828125e-01
4.140625e-01 8.906250e-01
4.140625e-01 8.984375e-01
4.140625e-01 9.062500e-01
4.140625e-01 9.140625e-01
4.140625e-01 9.218750e-01
4.140625e-01 9.296875e-01
4.140625e-01 9.375000e-01
4.140625e-01 9.453125e-01
4.140625e-01 9.531250e-01
4.140625e-01 9.609375e-01
4.140625e-01 9.687500e-01
4.140625e-01 9.765625e-01
4.140625e-01 9.843750e-01
4.140625e-01 9.921875e-01
4.140625e-01 1.000000e+00
4.218750e-01 7.500000e-01
4.218750e-01 7.578125e-01
4.218750e-01 7.656250e-01
4.218750e-01 7.734375e-01
4.218750e-01 7.812500e-01
4.218750e-01 7.890625e-01
4.218750e-01 7.968750e-01
4.218750e-01 8.046875e-01
4.218750e-01 8.125000e-01
4.218750e-01 8.203125e-01
4.218750e-01 8.281250e-01
4.218750e-01 8.359375e-01
4.218750e-01 8.437500e-01
4.218750e-01 8.515625e-01
4.218750e-01 8.593750e-01
4.218750e-01 8.671875e-01
4.218750e-01 8.750000e-01
4.218750e-01 8.828125e-01
4.218750e-01 8.906250e-01
4.218750e-01 8.984375e-01
4.218750e-01 9.062500e-01
4.218750e-01 9.140625e-01
4.218750e-01 9.218750e-01
4.218750e-01 9.296875e-01
4.218750e-01 9.375000e-01
4.218750e-01 9.453125e-01
4.218750e-01 9.531250e-01
4.218750e-01 9.609375e-01
4.218750e-01 9.687500e-01
4.218750e-01 9.765625e-01
4.218750e-01 9.843750e-01
4.218750e-01 9.921875e-01
4.218750e-01 1.000000e+00
4.296875e-01 7.500000e-01
4.296875e-01 7.578125e-01
4.296875e-01 7.656250e-01
4.296875e-01 7.734375e-01
4.296875e-01 7.812500e-01
4.296875e-01 7.890625e-01
4.296875e-01 7.968750e-01
4.296875e-01 8.046875e-01
4.296875e-01 8.125000e-01
4.296875e-01 8.203125e-01
4.296875e-01 8.281250e-01
4.296875e-01 8.359375e-01
4.296875e-01 8.437500e-01
4.296875e-01 8.515625e-01
4.296875e-01 8.593750e-01
4.296875e-01 8.671875e-01
4.296875e-01 8.750000e-01
4.296875e-01 8.828125e-01
4.296875e-01 8.906250e-01
4.296875e-01 8.984375e-01
4.296875e-01 9.062500e-01
4.296875e-01 9.140625e-01
4.296875e-01 9.218750e-01
4.296875e-01 9.296875e-01
4.296875e-01 9.375000e-01
4.296875e-01 9.453125e-01
4.296875e-01 9.531250e-01
4.296875e-01 9.609375e-01
4.296875e-01 9.687500e-01
4.296875e-01 9.765625e-01
4.296875e-01 9.843750e-01
4.296875e-01 9.921875e-01
4.296875e-01 1.000000e+00
4.375000e-01 7.500000e-01
4.375000e-01 7.578125e-01
4.375000e-01 7.656250e-01
4.375000e-01 7.734375e-01
4.375000e-01 7.812500e-01
4.375000e-01 7.890625e-01
4.375000e-01 7.968750e-01
4.375000e-01 8.046875e-01
4.375000e-01 8.125000e-01
4.375000e-01 8.203125e-01
4.375000e-01 8.281250e-01
4.375000e-01 8.359375e-01
4.375000e-01 8.437500e-01
4.375000e-01 8.515625e-01
4.375000e-01 8.593750e-01
4.375000e-01 8.671875e-01
4.375000e-01 8.750000e-01
4.375000e-01 8.828125e-01
4.375000e-01 8.906250e-01
4.375000e-01 8.984375e-01
4.375000e-01 9.062500e-01
4.375000e-01 9.140625e-01
4.375000e-01 9.218750e-01
4.375000e-01 9.296875e-01
4.375000e-01 9.375000e-01
4.375000e-01 9.453125e-01
4.375000e-01 9.531250e-01
4.375000e-01 9.609375e-01
4.375000e-01 9.687500e-01
4.375000e-01 9.765625e-01
4.375000e-01 9.843750e-01
4.375000e-01 9.921875e-01
4.375000e-01 1.000000e+00
4.453125e-01 7.500000e-01
4.453125e-01 7.578125e-01
4.453125e-01 7.656250e-01
4.453125e-01 7.734375e-01
4.453125e-01 7.812500e-01
4.453125e-01 7.890625e-01
4.453125e-01 7.968750e-01
4.453125e-01 8.046875e-01
4.453125e-01 8.125000e-01
4.453125e-01 8.203125e-01
4.453125e-01 8.281250e-01
4.453125e-01 8.359375e-01
4.453125e-01 8.437500e-01
4.453125e-01 8.515625e-01
4.453125e-01 8.593750e-01
4.453125e-01 8.671875e-01
4.453125e-01 8.750000e-01
4.453125e-01 8.828125e-01
4.453125e-01 8.906250e-01
4.453125e-01 8.984375e-01
4.453125e-01 9.062500e-01
4.453125e-01 9.140625e-01
4.453125e-01 9.218750e-01
4.453125e-01 9.296875e-01
4.453125e-01 9.375000e-01
4.453125e-01 9.453125e-01
4.453125e-01 9.531250e-01
4.453125e-01 9.609375e-01
4.453125e-01 9.687500e-01
4.453125e-01 9.765625e-01
4.453125e-01 9.843750e-01
4.453125e-01 9.921875e-01
4.453125e-01 1.000000e+00
4.531250e-01 7.500000e-01
4.531250e-01 7.578125e-01
4.531250e-01 7.656250e-01
4.531250e-01 7.734375e-01
4.531250e-01 7.812500e-01
4.531250e-01 7.890625e-01
4.531250e-01 7.968750e-01
4.531250e-01 8.046875e-01
4.531250e-01 8.125000e-01
4.531250e-01 8.203125e-01
4.531250e-01 8.281250e-01
4.531250e-01 8.359375e-01
4.531250e-01 8.437500e-01
4.531250e-01 8.515625e-01
4.531250e-01 8.593750e-01
4.531250e-01 8.671875e-01
4.531250e-01 8.750000e-01
4.531250e-01 8.828125e-01
4.531250e-01 8.906250e-01
4.531250e-01 8.984375e-01
4.531250e-01 9.062500e-01
4.531250e-01 9.140625e-01
4.531250e-01 9.218750e-01
4.531250e-01 9.296875e-01
4.531250e-01 9.375000e-01
4.531250e-01 9.453125e-01
4.531250e-01 9.531250e-01
4.531250e-01 9.609375e-01
4.531250e-01 9.687500e-01
4.531250e-01 9.765625e-01
4.531250e-01 9.843750e-01
4.531250e-01 9.921875e-01
4.531250e-01 1.000000e+00
4.609375e-01 7.500000e-01
4.609375e-01 7.578125e-01
4.609375e-01 7.656250e-01
4.609375e-01 7.734375e-01
4.609375e-01 7.812500e-01
4.609375e-01 7.890625e-01
4.609375e-01 7.968750e-01
4.609375e-01 8.046875e-01
4.609375e-01 8.125000e-01
4.609375e-01 8.203125e-01
4.609375e-01 8.281250e-01
4.609375e-01 8.359375e-01
4.609375e-01 8.437500e-01
4.609375e-01 8.515625e-01
4.609375e-01 8.593750e-01
4.609375e-01 8.671875e-01
4.609375e-01 8.750000e-01
4.609375e-01 8.828125e-01
4.609375e-01 8.906250e-01
4.609375e-01 8.984375e-01
4.609375e-01 9.062500e-01
4.609375e-01 9.140625e-01
4.609375e-01 9.218750e-01
4.609375e-01 9.296875e-01
4.609375e-01 9.375000e-01
4.609375e-01 9.453125e-01
4.609375e-01 9.531250e-01
4.609375e-01 9.609375e-01
4.609375e-01 9.687500e-01
4.609375e-01 9.765625e-01
4.609375e-01 9.843750e-01
4.609375e-01 9.921875e-01
4.609375e-01 1.000000e+00
4.687500e-01 7.500000e-01
4.687500e-01 7.578125e-01
4.687500e-01 7.656250e-01
4.687500e-01 7.734375e-01
4.687500e-01 7.812500e-01
4.687500e-01 7.890625e-01
4.687500e-01 7.968750e-01
4.687500e-01 8.046875e-01
4.687500e-01 8.125000e-01
4.687500e-01 8.203125e-01
4.687500e-01 8.281250e-01
4.687500e-01 8.359375e-01
4.687500e-01 8.437500e-01
4.687500e-01 8.515625e-01
4.687500e-01 8.593750e-01
4.687500e-01 8.671875e-01
4.687500e-01 8.750000e-01
4.687500e-01 8.828125e-01
4.687500e-01 8.906250e-01
4.687500e-01 8.984375e-01
4.687500e-01 9.062500e-01
4.687500e-01 9.140625e-01
4.687500e-01 9.218750e-01
4.687500e-01 9.296875e-01
4.687500e-01 9.375000e-01
4.687500e-01 9.453125e-01
4.687500e-01 9.531250e-01
4.687500e-01 9.609375e-01
4.687500e-01 9.687500e-01
4.687500e-01 9.765625e-01
4.687500e-01 9.843750e-01
4.687500e-01 9.921875e-01
4.687500e-01 1.000000e+00
4.765625e-01 7.500000e-01
4.765625e-01 7.578125e-01
4.765625e-01 7.656250e-01
4.765625e-01 7.734375e-01
4.765625e-01 7.812500e-01
4.765625e-01 7.890625e-01
4.765625e-01 7.968750e-01
4.765625e-01 8.046875e-01
4.765625e-01 8.125000e-01
4.765625e-01 8.203125e-01
4.765625e-01 8.281250e-01
4.765625e-01 8.359375e-01
4.765625e-01 8.437500e-01
4.765625e-01 8.515625e-01
4.765625e-01 8.593750e-01
4.765625e-01 8.671875e-01
4.765625e-01 8.750000e-01
4.765625e-01 8.828125e-01
4.765625e-01 8.906250e-01
4.765625e-01 8.984375e-01
4.765625e-01 9.062500e-01
4.765625e-01 9.140625e-01
4.765625e-01 9.218750e-01
4.765625e-01 9.296875e-01
4.765625e-01 9.375000e-01
4.765625e-01 9.453125e-01
4.765625e-01 9.531250e-01
4.765625e-01 9.609375e-01
4.765625e-01 9.687500e-01
4.765625e-01 9.765625e-01
4.765625e-01 9.843750e-01
4.765625e-01 9.921875e-01
4.765625e-01 1.000000e+00
4.843750e-01 7.500000e-01
4.843750e-01 7.578125e-01
4.843750e-01 7.656250e-01
4.843750e-01 7.734375e-01
4.843750e-01 7.812500e-01
4.843750e-01 7.890625e-01
4.843750e-01 7.968750e-01
4.843750e-01 8.046875e-01
4.843750e-01 8.125000e-01
4.843750e-01 8.203125e-01
4.843750e-01 8.281250e-01
4.843750e-01 8.359375e-01
4.843750e-01 8.437500e-01
4.843750e-01 8.515625e-01
4.843750e-01 8.593750e-01
4.843750e-01 8.671875e-01
4.843750e-01 8.750000e-01
4.843750e-01 8.828125e-01
4.843750e-01 8.906250e-01
4.843750e-01 8.984375e-01
4.843750e-01 9.062500e-01
4.843750e-01 9.140625e-01
4.843750e-01 9.218750e-01
4.843750e-01 9.296875e-01
4.843750e-01 9.375000e-01
4.843750e-01 9.453125e-01
4.843750e-01 9.531250e-01
4.843750e-01 9.609375e-01
4.843750e-01 9.687500e-01
4.843750e-01 9.765625e-01
4.843750e-01 9.843750e-01
4.843750e-01 9.921875e-01
4.843750e-01 1.000000e+00
4.921875e-01 7.500000e-01
4.921875e-01 7.578125e-01
4.921875e-01 7.656250e-01
4.921875e-01 7.734375e-01
4.921875e-01 7.812500e-01
4.921875e-01 7.890625e-01
4.921875e-01 7.968750e-01
4.921875e-01 8.046875e-01
4.921875e-01 8.125000e-01
4.921875e-01 8.203125e-01
4.921875e-01 8.281250e-01
4.921875e-01 8.359375e-01
4.921875e-01 8.437500e-01
4.921875e-01 8.515625e-01
4.921875e-01 8.593750e-01
4.921875e-01 8.671875e-01
4.921875e-01 8.750000e-01
4.921875e-01 8.828125e-01
4.921875e-01 8.906250e-01
4.921875e-01 8.984375e-01
4.921875e-01 9.062500e-01
4.921875e-01 9.140625e-01
4.921875e-01 9.218750e-01
4.921875e-01 9.296875e-01
4.921875e-01 9.375000e-01
4.921875e-01 9.453125e-01
4.921875e-01 9.531250e-01
4.921875e-01 9.609375e-01
4.921875e-01 9.687500e-01
4.921875e-01 9.765625e-01
4.921875e-01 9.843750e-01
4.921875e-01 9.921875e-01
4.921875e-01 1.000000e+00
5.000000e-01 7.500000e-01
5.000000e-01 7.578125e-01
5.000000e-01 7.656250e-01
5.000000e-01 7.734375e-01
5.000000e-01 7.812500e-01
5.000000e-01 7.890625e-01
5.000000e-01 7.968750e-01
5.000000e-01 8.046875e-01
5.000000e-01 8.125000e-01
5.000000e-01 8.203125e-01
5.000000e-01 8.281250e-01
5.000000e-01 8.359375e-01
5.000000e-01 8.437500e-01
5.000000e-01 8.515625e-01
5.000000e-01 8.593750e-01
5.000000e-01 8.671875e-01
5.000000e-01 8.750000e-01
5.000000e-01 8.828125e-01
5.000000e-01 8.906250e-01
5.000000e-01 8.984375e-01
5.000000e-01 9.062500e-01
5.000000e-01 9.140625e-01
5.000000e-01 9.218750e-01
5.000000e-01 9.296875e-01
5.000000e-01 9.375000e-01
5.000000e-01 9.453125e-01
5.000000e-01 9.531250e-01
5.000000e-01 9.609375e-01
5.000000e-01 9.687500e-01
5.000000e-01 9.765625e-01
5.000000e-01 9.843750e-01
5.000000e-01 9.921875e-01
5.000000e-01 1.000000e+00
