7.500000e-01 5.000000e-01
7.500000e-01 5.078125e-01
7.500000e-01 5.156250e-01
7.500000e-01 5.234375e-01
7.500000e-01 5.312500e-01
7.500000e-01 5.390625e-01
7.500000e-01 5.468750e-01
7.500000e-01 5.546875e-01
7.500000e-01 5.625000e-01
7.500000e-01 5.703125e-01
7.500000e-01 5.781250e-01
7.500000e-01 5.859375e-01
7.500000e-01 5.937500e-01
7.500000e-01 6.015625e-01
7.500000e-01 6.093750e-01
7.500000e-01 6.171875e-01
7.500000e-01 6.250000e-01
7.500000e-01 6.328125e-01
7.500000e-01 6.406250e-01
7.500000e-01 6.484375e-01
7.500000e-01 6.562500e-01
7.500000e-01 6.640625e-01
7.500000e-01 6.718750e-01
7.500000e-01 6.796875e-01
7.500000e-01 6.875000e-01
7.500000e-01 6.953125e-01
7.500000e-01 7.031250e-01
7.500000e-01 7.109375e-01
7.500000e-01 7.187500e-01
7.500000e-01 7.265625e-01
7.500000e-01 7.343750e-01
7.500000e-01 7.421875e-01
7.500000e-01 7.500000e-01
7.578125e-01 5.000000e-01
7.578125e-01 5.078125e-01
7.578125e-01 5.156250e-01
7.578125e-01 5.234375e-01
7.578125e-01 5.312500e-01
7.578125e-01 5.390625e-01
7.578125e-01 5.468750e-01
7.578125e-01 5.546875e-01
7.578125e-01 5.625000e-01
7.578125e-01 5.703125e-01
7.578125e-01 5.781250e-01
7.578125e-01 5.859375e-01
7.578125e-01 5.937500e-01
7.578125e-01 6.015625e-01
7.578125e-01 6.093750e-01
7.578125e-01 6.171875e-01
7.578125e-01 6.250000e-01
7.578125e-01 6.328125e-01
7.578125e-01 6.406250e-01
7.578125e-01 6.484375e-01
7.578125e-01 6.562500e-01
7.578125e-01 6.640625e-01
7.578125e-01 6.718750e-01
7.578125e-01 6.796875e-01
7.578125e-01 6.875000e-01
7.578125e-01 6.953125e-01
7.578125e-01 7.031250e-01
7.578125e-01 7.109375e-01
7.578125e-01 7.187500e-01
7.578125e-01 7.265625e-01
7.578125e-01 7.343750e-01
7.578125e-01 7.421875e-01
7.578125e-01 7.500000e-01
7.656250e-01 5.000000e-01
7.656250e-01 5.078125e-01
7.656250e-01 5.156250e-01
7.656250e-01 5.234375e-01
7.656250e-01 5.312500e-01
7.656250e-01 5.390625e-01
7.656250e-01 5.468750e-01
7.656250e-01 5.546875e-01
7.656250e-01 5.625000e-01
7.656250e-01 5.703125e-01
7.656250e-01 5.781250e-01
7.656250e-01 5.859375e-01
7.656250e-01 5.937500e-01
7.656250e-01 6.015625e-01
7.656250e-01 6.093750e-01
7.656250e-01 6.171875e-01
7.656250e-01 6.250000e-01
7.656250e-01 6.328125e-01
7.656250e-01 6.406250e-01
7.656250e-01 6.484375e-01
7.656250e-01 6.562500e-01
7.656250e-01 6.640625e-01
7.656250e-01 6.718750e-01
7.656250e-01 6.796875e-01
7.656250e-01 6.875000e-01
7.656250e-01 6.953125e-01
7.656250e-01 7.031250e-01
7.656250e-01 7.109375e-01
7.656250e-01 7.187500e-01
7.656250e-01 7.265625e-01
7.656250e-01 7.343750e-01
7.656250e-01 7.421875e-01
7.656250e-01 7.500000e-01
7.734375e-01 5.000000e-01
7.734375e-01 5.078125e-01
7.734375e-01 5.156250e-01
7.734375e-01 5.234375e-01
7.734375e-01 5.312500e-01
7.734375e-01 5.390625e-01
7.734375e-01 5.468750e-01
7.734375e-01 5.546875e-01
7.734375e-01 5.625000e-01
7.734375e-01 5.703125e-01
7.734375e-01 5.781250e-01
7.734375e-01 5.859375e-01
7.734375e-01 5.937500e-01
7.734375e-01 6.015625e-01
7.734375e-01 6.093750e-01
7.734375e-01 6.171875e-01
7.734375e-01 6.250000e-01
7.734375e-01 6.328125e-01
7.734375e-01 6.406250e-01
7.734375e-01 6.484375e-01
7.734375e-01 6.562500e-01
7.734375e-01 6.640625e-01
7.734375e-01 6.718750e-01
7.734375e-01 6.796875e-01
7.734375e-01 6.875000e-01
7.734375e-01 6.953125e-01
7.734375e-01 7.031250e-01
7.734375e-01 7.109375e-01
7.734375e-01 7.187500e-01
7.734375e-01 7.265625e-01
7.734375e-01 7.343750e-01
7.734375e-01 7.421875e-01
7.734375e-01 7.500000e-01
7.812500e-01 5.000000e-01
7.812500e-01 5.078125e-01
7.812500e-01 5.156250e-01
7.812500e-01 5.234375e-01
7.812500e-01 5.312500e-01
7.812500e-01 5.390625e-01
7.812500e-01 5.468750e-01
7.812500e-01 5.546875e-01
7.812500e-01 5.625000e-01
7.812500e-01 5.703125e-01
7.812500e-01 5.781250e-01
7.812500e-01 5.859375e-01
7.812500e-01 5.937500e-01
7.812500e-01 6.015625e-01
7.812500e-01 6.093750e-01
7.812500e-01 6.171875e-01
7.812500e-01 6.250000e-01
7.812500e-01 6.328125e-01
7.812500e-01 6.406250e-01
7.812500e-01 6.484375e-01
7.812500e-01 6.562500e-01
7.812500e-01 6.640625e-01
7.812500e-01 6.718750e-01
7.812500e-01 6.796875e-01
7.812500e-01 6.875000e-01
7.812500e-01 6.953125e-01
7.812500e-01 7.031250e-01
7.812500e-01 7.109375e-01
7.812500e-01 7.187500e-01
7.812500e-01 7.265625e-01
7.812500e-01 7.343750e-01
7.812500e-01 7.421875e-01
7.812500e-01 7.500000e-01
7.890625e-01 5.000000e-01
7.890625e-01 5.078125e-01
7.890625e-01 5.156250e-01
7.890625e-01 5.234375e-01
7.890625e-01 5.312500e-01
7.890625e-01 5.390625e-01
7.890625e-01 5.468750e-01
7.890625e-01 5.546875e-01
7.890625e-01 5.625000e-01
7.890625e-01 5.703125e-01
7.890625e-01 5.781250e-01
7.890625e-01 5.859375e-01
7.890625e-01 5.937500e-01
7.890625e-01 6.015625e-01
7.890625e-01 6.093750e-01
7.890625e-01 6.171875e-01
7.890625e-01 6.250000e-01
7.890625e-01 6.328125e-01
7.890625e-01 6.406250e-01
7.890625e-01 6.484375e-01
7.890625e-01 6.562500e-01
7.890625e-01 6.640625e-01
7.890625e-01 6.718750e-01
7.890625e-01 6.796875e-01
7.890625e-01 6.875000e-01
7.890625e-01 6.953125e-01
7.890625e-01 7.031250e-01
7.890625e-01 7.109375e-01
7.890625e-01 7.187500e-01
7.890625e-01 7.265625e-01
7.890625e-01 7.343750e-01
7.890625e-01 7.421875e-01
7.890625e-01 7.500000e-01
7.968750e-01 5.000000e-01
7.968750e-01 5.078125e-01
7.968750e-01 5.156250e-01
7.968750e-01 5.234375e-01
7.968750e-01 5.312500e-01
7.968750e-01 5.390625e-01
7.968750e-01 5.468750e-01
7.968750e-01 5.546875e-01
7.968750e-01 5.625000e-01
7.968750e-01 5.703125e-01
7.968750e-01 5.781250e-01
7.968750e-01 5.859375e-01
7.968750e-01 5.937500e-01
7.968750e-01 6.015625e-01
7.968750e-01 6.093750e-01
7.968750e-01 6.171875e-01
7.968750e-01 6.250000e-01
7.968750e-01 6.328125e-01
7.968750e-01 6.406250e-01
7.968750e-01 6.484375e-01
7.968750e-01 6.562500e-01
7.968750e-01 6.640625e-01
7.968750e-01 6.718750e-01
7.968750e-01 6.796875e-01
7.968750e-01 6.875000e-01
7.968750e-01 6.953125e-01
7.968750e-01 7.031250e-01
7.968750e-01 7.109375e-01
7.968750e-01 7.187500e-01
7.968750e-01 7.265625e-01
7.968750e-01 7.343750e-01
7.968750e-01 7.421875e-01
7.968750e-01 7.500000e-01
8.046875e-01 5.000000e-01
8.046875e-01 5.078125e-01
8.046875e-01 5.156250e-01
8.046875e-01 5.234375e-01
8.046875e-01 5.312500e-01
8.046875e-01 5.390625e-01
8.046875e-01 5.468750e-01
8.046875e-01 5.546875e-01
8.046875e-01 5.625000e-01
8.046875e-01 5.703125e-01
8.046875e-01 5.781250e-01
8.046875e-01 5.859375e-01
8.046875e-01 5.937500e-01
8.046875e-01 6.015625e-01
8.046875e-01 6.093750e-01
8.046875e-01 6.171875e-01
8.046875e-01 6.250000e-01
8.046875e-01 6.328125e-01
8.046875e-01 6.406250e-01
8.046875e-01 6.484375e-01
8.046875e-01 6.562500e-01
8.046875e-01 6.640625e-01
8.046875e-01 6.718750e-01
8.046875e-01 6.796875e-01
8.046875e-01 6.875000e-01
8.046875e-01 6.953125e-01
8.046875e-01 7.031250e-01
8.046875e-01 7.109375e-01
8.046875e-01 7.187500e-01
8.046875e-01 7.265625e-01
8.046875e-01 7.343750e-01
8.046875e-01 7.421875e-01
8.046875e-01 7.500000e-01
8.125000e-01 5.000000e-01
8.125000e-01 5.078125e-01
8.125000e-01 5.156250e-01
8.125000e-01 5.234375e-01
8.125000e-01 5.312500e-01
8.125000e-01 5.390625e-01
8.125000e-01 5.468750e-01
8.125000e-01 5.546875e-01
8.125000e-01 5.625000e-01
8.125000e-01 5.703125e-01
8.125000e-01 5.781250e-01
8.125000e-01 5.859375e-01
8.125000e-01 5.937500e-01
8.125000e-01 6.015625e-01
8.125000e-01 6.093750e-01
8.125000e-01 6.171875e-01
8.125000e-01 6.250000e-01
8.125000e-01 6.328125e-01
8.125000e-01 6.406250e-01
8.125000e-01 6.484375e-01
8.125000e-01 6.562500e-01
8.125000e-01 6.640625e-01
8.125000e-01 6.718750e-01
8.125000e-01 6.796875e-01
8.125000e-01 6.875000e-01
8.125000e-01 6.953125e-01
8.125000e-01 7.031250e-01
8.125000e-01 7.109375e-01
8.125000e-01 7.187500e-01
8.125000e-01 7.265625e-01
8.125000e-01 7.343750e-01
8.125000e-01 7.421875e-01
8.125000e-01 7.500000e-01
8.203125e-01 5.000000e-01
8.203125e-01 5.078125e-01
8.203125e-01 5.156250e-01
8.203125e-01 5.234375e-01
8.203125e-01 5.312500e-01
8.203125e-01 5.390625e-01
8.203125e-01 5.468750e-01
8.203125e-01 5.546875e-01
8.203125e-01 5.625000e-01
8.203125e-01 5.703125e-01
8.203125e-01 5.781250e-01
8.203125e-01 5.859375e-01
8.203125e-01 5.937500e-01
8.203125e-01 6.015625e-01
8.203125e-01 6.093750e-01
8.203125e-01 6.171875e-01
8.203125e-01 6.250000e-01
8.203125e-01 6.328125e-01
8.203125e-01 6.406250e-01
8.203125e-01 6.484375e-01
8.203125e-01 6.562500e-01
8.203125e-01 6.640625e-01
8.203125e-01 6.718750e-01
8.203125e-01 6.796875e-01
8.203125e-01 6.875000e-01
8.203125e-01 6.953125e-01
8.203125e-01 7.031250e-01
8.203125e-01 7.109375e-01
8.203125e-01 7.187500e-01
8.203125e-01 7.265625e-01
8.203125e-01 7.343750e-01
8.203125e-01 7.421875e-01
8.203125e-01 7.500000e-01
8.281250e-01 5.000000e-01
8.281250e-01 5.078125e-01
8.281250e-01 5.156250e-01
8.281250e-01 5.234375e-01
8.281250e-01 5.312500e-01
8.281250e-01 5.390625e-01
8.281250e-01 5.468750e-01
8.281250e-01 5.546875e-01
8.281250e-01 5.625000e-01
8.281250e-01 5.703125e-01
8.281250e-01 5.781250e-01
8.281250e-01 5.859375e-01
8.281250e-01 5.937500e-01
8.281250e-01 6.015625e-01
8.281250e-01 6.093750e-01
8.281250e-01 6.171875e-01
8.281250e-01 6.250000e-01
8.281250e-01 6.328125e-01
8.281250e-01 6.406250e-01
8.281250e-01 6.484375e-01
8.281250e-01 6.562500e-01
8.281250e-01 6.640625e-01
8.281250e-01 6.718750e-01
8.281250e-01 6.796875e-01
8.281250e-01 6.875000e-01
8.281250e-01 6.953125e-01
8.281250e-01 7.031250e-01
8.281250e-01 7.109375e-01
8.281250e-01 7.187500e-01
8.281250e-01 7.265625e-01
8.281250e-01 7.343750e-01
8.281250e-01 7.421875e-01
8.281250e-01 7.500000e-01
8.359375e-01 5.000000e-01
8.359375e-01 5.078125e-01
8.359375e-01 5.156250e-01
8.359375e-01 5.234375e-01
8.359375e-01 5.312500e-01
8.359375e-01 5.390625e-01
8.359375e-01 5.468750e-01
8.359375e-01 5.546875e-01
8.359375e-01 5.625000e-01
8.359375e-01 5.703125e-01
8.359375e-01 5.781250e-01
8.359375e-01 5.859375e-01
8.359375e-01 5.937500e-01
8.359375e-01 6.015625e-01
8.359375e-01 6.093750e-01
8.359375e-01 6.171875e-01
8.359375e-01 6.250000e-01
8.359375e-01 6.328125e-01
8.359375e-01 6.406250e-01
8.359375e-01 6.484375e-01
8.359375e-01 6.562500e-01
8.359375e-01 6.640625e-01
8.359375e-01 6.718750e-01
8.359375e-01 6.796875e-01
8.359375e-01 6.875000e-01
8.359375e-01 6.953125e-01
8.359375e-01 7.031250e-01
8.359375e-01 7.109375e-01
8.359375e-01 7.187500e-01
8.359375e-01 7.265625e-01
8.359375e-01 7.343750e-01
8.359375e-01 7.421875e-01
8.359375e-01 7.500000e-01
8.437500e-01 5.000000e-01
8.437500e-01 5.078125e-01
8.437500e-01 5.156250e-01
8.437500e-01 5.234375e-01
8.437500e-01 5.312500e-01
8.437500e-01 5.390625e-01
8.437500e-01 5.468750e-01
8.437500e-01 5.546875e-01
8.437500e-01 5.625000e-01
8.437500e-01 5.703125e-01
8.437500e-01 5.781250e-01
8.437500e-01 5.859375e-01
8.437500e-01 5.937500e-01
8.437500e-01 6.015625e-01
8.437500e-01 6.093750e-01
8.437500e-01 6.171875e-01
8.437500e-01 6.250000e-01
8.437500e-01 6.328125e-01
8.437500e-01 6.406250e-01
8.437500e-01 6.484375e-01
8.437500e-01 6.562500e-01
8.437500e-01 6.640625e-01
8.437500e-01 6.718750e-01
8.437500e-01 6.796875e-01
8.437500e-01 6.875000e-01
8.437500e-01 6.953125e-01
8.437500e-01 7.031250e-01
8.437500e-01 7.109375e-01
8.437500e-01 7.187500e-01
8.437500e-01 7.265625e-01
8.437500e-01 7.343750e-01
8.437500e-01 7.421875e-01
8.437500e-01 7.500000e-01
8.515625e-01 5.000000e-01
8.515625e-01 5.078125e-01
8.515625e-01 5.156250e-01
8.515625e-01 5.234375e-01
8.515625e-01 5.312500e-01
8.515625e-01 5.390625e-01
8.515625e-01 5.468750e-01
8.515625e-01 5.546875e-01
8.515625e-01 5.625000e-01
8.515625e-01 5.703125e-01
8.515625e-01 5.781250e-01
8.515625e-01 5.859375e-01
8.515625e-01 5.937500e-01
8.515625e-01 6.015625e-01
8.515625e-01 6.093750e-01
8.515625e-01 6.171875e-01
8.515625e-01 6.250000e-01
8.515625e-01 6.328125e-01
8.515625e-01 6.406250e-01
8.515625e-01 6.484375e-01
8.515625e-01 6.562500e-01
8.515625e-01 6.640625e-01
8.515625e-01 6.718750e-01
8.515625e-01 6.796875e-01
8.515625e-01 6.875000e-01
8.515625e-01 6.953125e-01
8.515625e-01 7.031250e-01
8.515625e-01 7.109375e-01
8.515625e-01 7.187500e-01
8.515625e-01 7.265625e-01
8.515625e-01 7.343750e-01
8.515625e-01 7.421875e-01
8.515625e-01 7.500000e-01
8.593750e-01 5.000000e-01
8.593750e-01 5.078125e-01
8.593750e-01 5.156250e-01
8.593750e-01 5.234375e-01
8.593750e-01 5.312500e-01
8.593750e-01 5.390625e-01
8.593750e-01 5.468750e-01
8.593750e-01 5.546875e-01
8.593750e-01 5.625000e-01
8.593750e-01 5.703125e-01
8.593750e-01 5.781250e-01
8.593750e-01 5.859375e-01
8.593750e-01 5.937500e-01
8.593750e-01 6.015625e-01
8.593750e-01 6.093750e-01
8.593750e-01 6.171875e-01
8.593750e-01 6.250000e-01
8.593750e-01 6.328125e-01
8.593750e-01 6.406250e-01
8.593750e-01 6.484375e-01
8.593750e-01 6.562500e-01
8.593750e-01 6.640625e-01
8.593750e-01 6.718750e-01
8.593750e-01 6.796875e-01
8.593750e-01 6.875000e-01
8.593750e-01 6.953125e-01
8.593750e-01 7.031250e-01
8.593750e-01 7.109375e-01
8.593750e-01 7.187500e-01
8.593750e-01 7.265625e-01
8.593750e-01 7.343750e-01
8.593750e-01 7.421875e-01
8.593750e-01 7.500000e-01
8.671875e-01 5.000000e-01
8.671875e-01 5.078125e-01
8.671875e-01 5.156250e-01
8.671875e-01 5.234375e-01
8.671875e-01 5.312500e-01
8.671875e-01 5.390625e-01
8.671875e-01 5.468750e-01
8.671875e-01 5.546875e-01
8.671875e-01 5.625000e-01
8.671875e-01 5.703125e-01
8.671875e-01 5.781250e-01
8.671875e-01 5.859375e-01
8.671875e-01 5.937500e-01
8.671875e-01 6.015625e-01
8.671875e-01 6.093750e-01
8.671875e-01 6.171875e-01
8.671875e-01 6.250000e-01
8.671875e-01 6.328125e-01
8.671875e-01 6.406250e-01
8.671875e-01 6.484375e-01
8.671875e-01 6.562500e-01
8.671875e-01 6.640625e-01
8.671875e-01 6.718750e-01
8.671875e-01 6.796875e-01
8.671875e-01 6.875000e-01
8.671875e-01 6.953125e-01
8.671875e-01 7.031250e-01
8.671875e-01 7.109375e-01
8.671875e-01 7.187500e-01
8.671875e-01 7.265625e-01
8.671875e-01 7.343750e-01
8.671875e-01 7.421875e-01
8.671875e-01 7.500000e-01
8.750000e-01 5.000000e-01
8.750000e-01 5.078125e-01
8.750000e-01 5.156250e-01
8.750000e-01 5.234375e-01
8.750000e-01 5.312500e-01
8.750000e-01 5.390625e-01
8.750000e-01 5.468750e-01
8.750000e-01 5.546875e-01
8.750000e-01 5.625000e-01
8.750000e-01 5.703125e-01
8.750000e-01 5.781250e-01
8.750000e-01 5.859375e-01
8.750000e-01 5.937500e-01
8.750000e-01 6.015625e-01
8.750000e-01 6.093750e-01
8.750000e-01 6.171875e-01
8.750000e-01 6.250000e-01
8.750000e-01 6.328125e-01
8.750000e-01 6.406250e-01
8.750000e-01 6.484375e-01
8.750000e-01 6.562500e-01
8.750000e-01 6.640625e-01
8.750000e-01 6.718750e-01
8.750000e-01 6.796875e-01
8.750000e-01 6.875000e-01
8.750000e-01 6.953125e-01
8.750000e-01 7.031250e-01
8.750000e-01 7.109375e-01
8.750000e-01 7.187500e-01
8.750000e-01 7.265625e-01
8.750000e-01 7.343750e-01
8.750000e-01 7.421875e-01
8.750000e-01 7.500000e-01
8.828125e-01 5.000000e-01
8.828125e-01 5.078125e-01
8.828125e-01 5.156250e-01
8.828125e-01 5.234375e-01
8.828125e-01 5.312500e-01
8.828125e-01 5.390625e-01
8.828125e-01 5.468750e-01
8.828125e-01 5.546875e-01
8.828125e-01 5.625000e-01
8.828125e-01 5.703125e-01
8.828125e-01 5.781250e-01
8.828125e-01 5.859375e-01
8.828125e-01 5.937500e-01
8.828125e-01 6.015625e-01
8.828125e-01 6.093750e-01
8.828125e-01 6.171875e-01
8.828125e-01 6.250000e-01
8.828125e-01 6.328125e-01
8.828125e-01 6.406250e-01
8.828125e-01 6.484375e-01
8.828125e-01 6.562500e-01
8.828125e-01 6.640625e-01
8.828125e-01 6.718750e-01
8.828125e-01 6.796875e-01
8.828125e-01 6.875000e-01
8.828125e-01 6.953125e-01
8.828125e-01 7.031250e-01
8.828125e-01 7.109375e-01
8.828125e-01 7.187500e-01
8.828125e-01 7.265625e-01
8.828125e-01 7.343750e-01
8.828125e-01 7.421875e-01
8.828125e-01 7.500000e-01
8.906250e-01 5.000000e-01
8.906250e-01 5.078125e-01
8.906250e-01 5.156250e-01
8.906250e-01 5.234375e-01
8.906250e-01 5.312500e-01
8.906250e-01 5.390625e-01
8.906250e-01 5.468750e-01
8.906250e-01 5.546875e-01
8.906250e-01 5.625000e-01
8.906250e-01 5.703125e-01
8.906250e-01 5.781250e-01
8.906250e-01 5.859375e-01
8.906250e-01 5.937500e-01
8.906250e-01 6.015625e-01
8.906250e-01 6.093750e-01
8.906250e-01 6.171875e-01
8.906250e-01 6.250000e-01
8.906250e-01 6.328125e-01
8.906250e-01 6.406250e-01
8.906250e-01 6.484375e-01
8.906250e-01 6.562500e-01
8.906250e-01 6.640625e-01
8.906250e-01 6.718750e-01
8.906250e-01 6.796875e-01
8.906250e-01 6.875000e-01
8.906250e-01 6.953125e-01
8.906250e-01 7.031250e-01
8.906250e-01 7.109375e-01
8.906250e-01 7.187500e-01
8.906250e-01 7.265625e-01
8.906250e-01 7.343750e-01
8.906250e-01 7.421875e-01
8.906250e-01 7.500000e-01
8.984375e-01 5.000000e-01
8.984375e-01 5.078125e-01
8.984375e-01 5.156250e-01
8.984375e-01 5.234375e-01
8.984375e-01 5.312500e-01
8.984375e-01 5.390625e-01
8.984375e-01 5.468750e-01
8.984375e-01 5.546875e-01
8.984375e-01 5.625000e-01
8.984375e-01 5.703125e-01
8.984375e-01 5.781250e-01
8.984375e-01 5.859375e-01
8.984375e-01 5.937500e-01
8.984375e-01 6.015625e-01
8.984375e-01 6.093750e-01
8.984375e-01 6.171875e-01
8.984375e-01 6.250000e-01
8.984375e-01 6.328125e-01
8.984375e-01 6.406250e-01
8.984375e-01 6.484375e-01
8.984375e-01 6.562500e-01
8.984375e-01 6.640625e-01
8.984375e-01 6.718750e-01
8.984375e-01 6.796875e-01
8.984375e-01 6.875000e-01
8.984375e-01 6.953125e-01
8.984375e-01 7.031250e-01
8.984375e-01 7.109375e-01
8.984375e-01 7.187500e-01
8.984375e-01 7.265625e-01
8.984375e-01 7.343750e-01
8.984375e-01 7.421875e-01
8.984375e-01 7.500000e-01
9.062500e-01 5.000000e-01
9.062500e-01 5.078125e-01
9.062500e-01 5.156250e-01
9.062500e-01 5.234375e-01
9.062500e-01 5.312500e-01
9.062500e-01 5.390625e-01
9.062500e-01 5.468750e-01
9.062500e-01 5.546875e-01
9.062500e-01 5.625000e-01
9.062500e-01 5.703125e-01
9.062500e-01 5.781250e-01
9.062500e-01 5.859375e-01
9.062500e-01 5.937500e-01
9.062500e-01 6.015625e-01
9.062500e-01 6.093750e-01
9.062500e-01 6.171875e-01
9.062500e-01 6.250000e-01
9.062500e-01 6.328125e-01
9.062500e-01 6.406250e-01
9.062500e-01 6.484375e-01
9.062500e-01 6.562500e-01
9.062500e-01 6.640625e-01
9.062500e-01 6.718750e-01
9.062500e-01 6.796875e-01
9.062500e-01 6.875000e-01
9.062500e-01 6.953125e-01
9.062500e-01 7.031250e-01
9.062500e-01 7.109375e-01
9.062500e-01 7.187500e-01
9.062500e-01 7.265625e-01
9.062500e-01 7.343750e-01
9.062500e-01 7.421875e-01
9.062500e-01 7.500000e-01
9.140625e-01 5.000000e-01
9.140625e-01 5.078125e-01
9.140625e-01 5.156250e-01
9.140625e-01 5.234375e-01
9.140625e-01 5.312500e-01
9.140625e-01 5.390625e-01
9.140625e-01 5.468750e-01
9.140625e-01 5.546875e-01
9.140625e-01 5.625000e-01
9.140625e-01 5.703125e-01
9.140625e-01 5.781250e-01
9.140625e-01 5.859375e-01
9.140625e-01 5.937500e-01
9.140625e-01 6.015625e-01
9.140625e-01 6.093750e-01
9.140625e-01 6.171875e-01
9.140625e-01 6.250000e-01
9.140625e-01 6.328125e-01
9.140625e-01 6.406250e-01
9.140625e-01 6.484375e-01
9.140625e-01 6.562500e-01
9.140625e-01 6.640625e-01
9.140625e-01 6.718750e-01
9.140625e-01 6.796875e-01
9.140625e-01 6.875000e-01
9.140625e-01 6.953125e-01
9.140625e-01 7.031250e-01
9.140625e-01 7.109375e-01
9.140625e-01 7.187500e-01
9.140625e-01 7.265625e-01
9.140625e-01 7.343750e-01
9.140625e-01 7.421875e-01
9.140625e-01 7.500000e-01
9.218750e-01 5.000000e-01
9.218750e-01 5.078125e-01
9.218750e-01 5.156250e-01
9.218750e-01 5.234375e-01
9.218750e-01 5.312500e-01
9.218750e-01 5.390625e-01
9.218750e-01 5.468750e-01
9.218750e-01 5.546875e-01
9.218750e-01 5.625000e-01
9.218750e-01 5.703125e-01
9.218750e-01 5.781250e-01
9.218750e-01 5.859375e-01
9.218750e-01 5.937500e-01
9.218750e-01 6.015625e-01
9.218750e-01 6.093750e-01
9.218750e-01 6.171875e-01
9.218750e-01 6.250000e-01
9.218750e-01 6.328125e-01
9.218750e-01 6.406250e-01
9.218750e-01 6.484375e-01
9.218750e-01 6.562500e-01
9.218750e-01 6.640625e-01
9.218750e-01 6.718750e-01
9.218750e-01 6.796875e-01
9.218750e-01 6.875000e-01
9.218750e-01 6.953125e-01
9.218750e-01 7.031250e-01
9.218750e-01 7.109375e-01
9.218750e-01 7.187500e-01
9.218750e-01 7.265625e-01
9.218750e-01 7.343750e-01
9.218750e-01 7.421875e-01
9.218750e-01 7.500000e-01
9.296875e-01 5.000000e-01
9.296875e-01 5.078125e-01
9.296875e-01 5.156250e-01
9.296875e-01 5.234375e-01
9.296875e-01 5.312500e-01
9.296875e-01 5.390625e-01
9.296875e-01 5.468750e-01
9.296875e-01 5.546875e-01
9.296875e-01 5.625000e-01
9.296875e-01 5.703125e-01
9.296875e-01 5.781250e-01
9.296875e-01 5.859375e-01
9.296875e-01 5.937500e-01
9.296875e-01 6.015625e-01
9.296875e-01 6.093750e-01
9.296875e-01 6.171875e-01
9.296875e-01 6.250000e-01
9.296875e-01 6.328125e-01
9.296875e-01 6.406250e-01
9.296875e-01 6.484375e-01
9.296875e-01 6.562500e-01
9.296875e-01 6.640625e-01
9.296875e-01 6.718750e-01
9.296875e-01 6.796875e-01
9.296875e-01 6.875000e-01
9.296875e-01 6.953125e-01
9.296875e-01 7.031250e-01
9.296875e-01 7.109375e-01
9.296875e-01 7.187500e-01
9.296875e-01 7.265625e-01
9.296875e-01 7.343750e-01
9.296875e-01 7.421875e-01
9.296875e-01 7.500000e-01
9.375000e-01 5.000000e-01
9.375000e-01 5.078125e-01
9.375000e-01 5.156250e-01
9.375000e-01 5.234375e-01
9.375000e-01 5.312500e-01
9.375000e-01 5.390625e-01
9.375000e-01 5.468750e-01
9.375000e-01 5.546875e-01
9.375000e-01 5.625000e-01
9.375000e-01 5.703125e-01
9.375000e-01 5.781250e-01
9.375000e-01 5.859375e-01
9.375000e-01 5.937500e-01
9.375000e-01 6.015625e-01
9.375000e-01 6.093750e-01
9.375000e-01 6.171875e-01
9.375000e-01 6.250000e-01
9.375000e-01 6.328125e-01
9.375000e-01 6.406250e-01
9.375000e-01 6.484375e-01
9.375000e-01 6.562500e-01
9.375000e-01 6.640625e-01
9.375000e-01 6.718750e-01
9.375000e-01 6.796875e-01
9.375000e-01 6.875000e-01
9.375000e-01 6.953125e-01
9.375000e-01 7.031250e-01
9.375000e-01 7.109375e-01
9.375000e-01 7.187500e-01
9.375000e-01 7.265625e-01
9.375000e-01 7.343750e-01
9.375000e-01 7.421875e-01
9.375000e-01 7.500000e-01
9.453125e-01 5.000000e-01
9.453125e-01 5.078125e-01
9.453125e-01 5.156250e-01
9.453125e-01 5.234375e-01
9.453125e-01 5.312500e-01
9.453125e-01 5.390625e-01
9.453125e-01 5.468750e-01
9.453125e-01 5.546875e-01
9.453125e-01 5.625000e-01
9.453125e-01 5.703125e-01
9.453125e-01 5.781250e-01
9.453125e-01 5.859375e-01
9.453125e-01 5.937500e-01
9.453125e-01 6.015625e-01
9.453125e-01 6.093750e-01
9.453125e-01 6.171875e-01
9.453125e-01 6.250000e-01
9.453125e-01 6.328125e-01
9.453125e-01 6.406250e-01
9.453125e-01 6.484375e-01
9.453125e-01 6.562500e-01
9.453125e-01 6.640625e-01
9.453125e-01 6.718750e-01
9.453125e-01 6.796875e-01
9.453125e-01 6.875000e-01
9.453125e-01 6.953125e-01
9.453125e-01 7.031250e-01
9.453125e-01 7.109375e-01
9.453125e-01 7.187500e-01
9.453125e-01 7.265625e-01
9.453125e-01 7.343750e-01
9.453125e-01 7.421875e-01
9.453125e-01 7.500000e-01
9.531250e-01 5.000000e-01
9.531250e-01 5.078125e-01
9.531250e-01 5.156250e-01
9.531250e-01 5.234375e-01
9.531250e-01 5.312500e-01
9.531250e-01 5.390625e-01
9.531250e-01 5.468750e-01
9.531250e-01 5.546875e-01
9.531250e-01 5.625000e-01
9.531250e-01 5.703125e-01
9.531250e-01 5.781250e-01
9.531250e-01 5.859375e-01
9.531250e-01 5.937500e-01
9.531250e-01 6.015625e-01
9.531250e-01 6.093750e-01
9.531250e-01 6.171875e-01
9.531250e-01 6.250000e-01
9.531250e-01 6.328125e-01
9.531250e-01 6.406250e-01
9.531250e-01 6.484375e-01
9.531250e-01 6.562500e-01
9.531250e-01 6.640625e-01
9.531250e-01 6.718750e-01
9.531250e-01 6.796875e-01
9.531250e-01 6.875000e-01
9.531250e-01 6.953125e-01
9.531250e-01 7.031250e-01
9.531250e-01 7.109375e-01
9.531250e-01 7.187500e-01
9.531250e-01 7.265625e-01
9.531250e-01 7.343750e-01
9.531250e-01 7.421875e-01
9.531250e-01 7.500000e-01
9.609375e-01 5.000000e-01
9.609375e-01 5.078125e-01
9.609375e-01 5.156250e-01
9.609375e-01 5.234375e-01
9.609375e-01 5.312500e-01
9.609375e-01 5.390625e-01
9.609375e-01 5.468750e-01
9.609375e-01 5.546875e-01
9.609375e-01 5.625000e-01
9.609375e-01 5.703125e-01
9.609375e-01 5.781250e-01
9.609375e-01 5.859375e-01
9.609375e-01 5.937500e-01
9.609375e-01 6.015625e-01
9.609375e-01 6.093750e-01
9.609375e-01 6.171875e-01
9.609375e-01 6.250000e-01
9.609375e-01 6.328125e-01
9.609375e-01 6.406250e-01
9.609375e-01 6.484375e-01
9.609375e-01 6.562500e-01
9.609375e-01 6.640625e-01
9.609375e-01 6.718750e-01
9.609375e-01 6.796875e-01
9.609375e-01 6.875000e-01
9.609375e-01 6.953125e-01
9.609375e-01 7.031250e-01
9.609375e-01 7.109375e-01
9.609375e-01 7.187500e-01
9.609375e-01 7.265625e-01
9.609375e-01 7.343750e-01
9.609375e-01 7.421875e-01
9.609375e-01 7.500000e-01
9.687500e-01 5.000000e-01
9.687500e-01 5.078125e-01
9.687500e-01 5.156250e-01
9.687500e-01 5.234375e-01
9.687500e-01 5.312500e-01
9.687500e-01 5.390625e-01
9.687500e-01 5.468750e-01
9.687500e-01 5.546875e-01
9.687500e-01 5.625000e-01
9.687500e-01 5.703125e-01
9.687500e-01 5.781250e-01
9.687500e-01 5.859375e-01
9.687500e-01 5.937500e-01
9.687500e-01 6.015625e-01
9.687500e-01 6.093750e-01
9.687500e-01 6.171875e-01
9.687500e-01 6.250000e-01
9.687500e-01 6.328125e-01
9.687500e-01 6.406250e-01
9.687500e-01 6.484375e-01
9.687500e-01 6.562500e-01
9.687500e-01 6.640625e-01
9.687500e-01 6.718750e-01
9.687500e-01 6.796875e-01
9.687500e-01 6.875000e-01
9.687500e-01 6.953125e-01
9.687500e-01 7.031250e-01
9.687500e-01 7.109375e-01
9.687500e-01 7.187500e-01
9.687500e-01 7.265625e-01
9.687500e-01 7.343750e-01
9.687500e-01 7.421875e-01
9.687500e-01 7.500000e-01
9.765625e-01 5.000000e-01
9.765625e-01 5.078125e-01
9.765625e-01 5.156250e-01
9.765625e-01 5.234375e-01
9.765625e-01 5.312500e-01
9.765625e-01 5.390625e-01
9.765625e-01 5.468750e-01
9.765625e-01 5.546875e-01
9.765625e-01 5.625000e-01
9.765625e-01 5.703125e-01
9.765625e-01 5.781250e-01
9.765625e-01 5.859375e-01
9.765625e-01 5.937500e-01
9.765625e-01 6.015625e-01
9.765625e-01 6.093750e-01
9.765625e-01 6.171875e-01
9.765625e-01 6.250000e-01
9.765625e-01 6.328125e-01
9.765625e-01 6.406250e-01
9.765625e-01 6.484375e-01
9.765625e-01 6.562500e-01
9.765625e-01 6.640625e-01
9.765625e-01 6.718750e-01
9.765625e-01 6.796875e-01
9.765625e-01 6.875000e-01
9.765625e-01 6.953125e-01
9.765625e-01 7.031250e-01
9.765625e-01 7.109375e-01
9.765625e-01 7.187500e-01
9.765625e-01 7.265625e-01
9.765625e-01 7.343750e-01
9.765625e-01 7.421875e-01
9.765625e-01 7.500000e-01
9.843750e-01 5.000000e-01
9.843750e-01 5.078125e-01
9.843750e-01 5.156250e-01
9.843750e-01 5.234375e-01
9.843750e-01 5.312500e-01
9.843750e-01 5.390625e-01
9.843750e-01 5.468750e-01
9.843750e-01 5.546875e-01
9.843750e-01 5.625000e-01
9.843750e-01 5.703125e-01
9.843750e-01 5.781250e-01
9.843750e-01 5.859375e-01
9.843750e-01 5.937500e-01
9.843750e-01 6.015625e-01
9.843750e-01 6.093750e-01
9.843750e-01 6.171875e-01
9.843750e-01 6.250000e-01
9.843750e-01 6.328125e-01
9.843750e-01 6.406250e-01
9.843750e-01 6.484375e-01
9.843750e-01 6.562500e-01
9.843750e-01 6.640625e-01
9.843750e-01 6.718750e-01
9.843750e-01 6.796875e-01
9.843750e-01 6.875000e-01
9.843750e-01 6.953125e-01
9.843750e-01 7.031250e-01
9.843750e-01 7.109375e-01
9.843750e-01 7.187500e-01
9.843750e-01 7.265625e-01
9.843750e-01 7.343750e-01
9.843750e-01 7.421875e-01
9.843750e-01 7.500000e-01
9.921875e-01 5.000000e-01
9.921875e-01 5.078125e-01
9.921875e-01 5.156250e-01
9.921875e-01 5.234375e-01
9.921875e-01 5.312500e-01
9.921875e-01 5.390625e-01
9.921875e-01 5.468750e-01
9.921875e-01 5.546875e-01
9.921875e-01 5.625000e-01
9.921875e-01 5.703125e-01
9.921875e-01 5.781250e-01
9.921875e-01 5.859375e-01
9.921875e-01 5.937500e-01
9.921875e-01 6.015625e-01
9.921875e-01 6.093750e-01
9.921875e-01 6.171875e-01
9.921875e-01 6.250000e-01
9.921875e-01 6.328125e-01
9.921875e-01 6.406250e-01
9.921875e-01 6.484375e-01
9.921875e-01 6.562500e-01
9.921875e-01 6.640625e-01
9.921875e-01 6.718750e-01
9.921875e-01 6.796875e-01
9.921875e-01 6.875000e-01
9.921875e-01 6.953125e-01
9.921875e-01 7.031250e-01
9.921875e-01 7.109375e-01
9.921875e-01 7.187500e-01
9.921875e-01 7.265625e-01
9.921875e-01 7.343750e-01
9.921875e-01 7.421875e-01
9.921875e-01 7.500000e-01
1.000000e+00 5.000000e-01
1.000000e+00 5.078125e-01
1.000000e+00 5.156250e-01
1.000000e+00 5.234375e-01
1.000000e+00 5.312500e-01
1.000000e+00 5.390625e-01
1.000000e+00 5.468750e-01
1.000000e+00 5.546875e-01
1.000000e+00 5.625000e-01
1.000000e+00 5.703125e-01
1.000000e+00 5.781250e-01
1.000000e+00 5.859375e-01
1.000000e+00 5.937500e-01
1.000000e+00 6.015625e-01
1.000000e+00 6.093750e-01
1.000000e+00 6.171875e-01
1.000000e+00 6.250000e-01
1.000000e+00 6.328125e-01
1.000000e+00 6.406250e-01
1.000000e+00 6.484375e-01
1.000000e+00 6.562500e-01
1.000000e+00 6.640625e-01
1.000000e+00 6.718750e-01
1.000000e+00 6.796875e-01
1.000000e+00 6.875000e-01
1.000000e+00 6.953125e-01
1.000000e+00 7.031250e-01
1.000000e+00 7.109375e-01
1.000000e+00 7.187500e-01
1.000000e+00 7.265625e-01
1.000000e+00 7.343750e-01
1.000000e+00 7.421875e-01
1.000000e+00 7.500000e-01
