5.000000e-01 5.000000e-01
5.000000e-01 5.078125e-01
5.000000e-01 5.156250e-01
5.000000e-01 5.234375e-01
5.000000e-01 5.312500e-01
5.000000e-01 5.390625e-01
5.000000e-01 5.468750e-01
5.000000e-01 5.546875e-01
5.000000e-01 5.625000e-01
5.000000e-01 5.703125e-01
5.000000e-01 5.781250e-01
5.000000e-01 5.859375e-01
5.000000e-01 5.937500e-01
5.000000e-01 6.015625e-01
5.000000e-01 6.093750e-01
5.000000e-01 6.171875e-01
5.000000e-01 6.250000e-01
5.000000e-01 6.328125e-01
5.000000e-01 6.406250e-01
5.000000e-01 6.484375e-01
5.000000e-01 6.562500e-01
5.000000e-01 6.640625e-01
5.000000e-01 6.718750e-01
5.000000e-01 6.796875e-01
5.000000e-01 6.875000e-01
5.000000e-01 6.953125e-01
5.000000e-01 7.031250e-01
5.000000e-01 7.109375e-01
5.000000e-01 7.187500e-01
5.000000e-01 7.265625e-01
5.000000e-01 7.343750e-01
5.000000e-01 7.421875e-01
5.000000e-01 7.500000e-01
5.078125e-01 5.000000e-01
5.078125e-01 5.078125e-01
5.078125e-01 5.156250e-01
5.078125e-01 5.234375e-01
5.078125e-01 5.312500e-01
5.078125e-01 5.390625e-01
5.078125e-01 5.468750e-01
5.078125e-01 5.546875e-01
5.078125e-01 5.625000e-01
5.078125e-01 5.703125e-01
5.078125e-01 5.781250e-01
5.078125e-01 5.859375e-01
5.078125e-01 5.937500e-01
5.078125e-01 6.015625e-01
5.078125e-01 6.093750e-01
5.078125e-01 6.171875e-01
5.078125e-01 6.250000e-01
5.078125e-01 6.328125e-01
5.078125e-01 6.406250e-01
5.078125e-01 6.484375e-01
5.078125e-01 6.562500e-01
5.078125e-01 6.640625e-01
5.078125e-01 6.718750e-01
5.078125e-01 6.796875e-01
5.078125e-01 6.875000e-01
5.078125e-01 6.953125e-01
5.078125e-01 7.031250e-01
5.078125e-01 7.109375e-01
5.078125e-01 7.187500e-01
5.078125e-01 7.265625e-01
5.078125e-01 7.343750e-01
5.078125e-01 7.421875e-01
5.078125e-01 7.500000e-01
5.156250e-01 5.000000e-01
5.156250e-01 5.078125e-01
5.156250e-01 5.156250e-01
5.156250e-01 5.234375e-01
5.156250e-01 5.312500e-01
5.156250e-01 5.390625e-01
5.156250e-01 5.468750e-01
5.156250e-01 5.546875e-01
5.156250e-01 5.625000e-01
5.156250e-01 5.703125e-01
5.156250e-01 5.781250e-01
5.156250e-01 5.859375e-01
5.156250e-01 5.937500e-01
5.156250e-01 6.015625e-01
5.156250e-01 6.093750e-01
5.156250e-01 6.171875e-01
5.156250e-01 6.250000e-01
5.156250e-01 6.328125e-01
5.156250e-01 6.406250e-01
5.156250e-01 6.484375e-01
5.156250e-01 6.562500e-01
5.156250e-01 6.640625e-01
5.156250e-01 6.718750e-01
5.156250e-01 6.796875e-01
5.156250e-01 6.875000e-01
5.156250e-01 6.953125e-01
5.156250e-01 7.031250e-01
5.156250e-01 7.109375e-01
5.156250e-01 7.187500e-01
5.156250e-01 7.265625e-01
5.156250e-01 7.343750e-01
5.156250e-01 7.421875e-01
5.156250e-01 7.500000e-01
5.234375e-01 5.000000e-01
5.234375e-01 5.078125e-01
5.234375e-01 5.156250e-01
5.234375e-01 5.234375e-01
5.234375e-01 5.312500e-01
5.234375e-01 5.390625e-01
5.234375e-01 5.468750e-01
5.234375e-01 5.546875e-01
5.234375e-01 5.625000e-01
5.234375e-01 5.703125e-01
5.234375e-01 5.781250e-01
5.234375e-01 5.859375e-01
5.234375e-01 5.937500e-01
5.234375e-01 6.015625e-01
5.234375e-01 6.093750e-01
5.234375e-01 6.171875e-01
5.234375e-01 6.250000e-01
5.234375e-01 6.328125e-01
5.234375e-01 6.406250e-01
5.234375e-01 6.484375e-01
5.234375e-01 6.562500e-01
5.234375e-01 6.640625e-01
5.234375e-01 6.718750e-01
5.234375e-01 6.796875e-01
5.234375e-01 6.875000e-01
5.234375e-01 6.953125e-01
5.234375e-01 7.031250e-01
5.234375e-01 7.109375e-01
5.234375e-01 7.187500e-01
5.234375e-01 7.265625e-01
5.234375e-01 7.343750e-01
5.234375e-01 7.421875e-01
5.234375e-01 7.500000e-01
5.312500e-01 5.000000e-01
5.312500e-01 5.078125e-01
5.312500e-01 5.156250e-01
5.312500e-01 5.234375e-01
5.312500e-01 5.312500e-01
5.312500e-01 5.390625e-01
5.312500e-01 5.468750e-01
5.312500e-01 5.546875e-01
5.312500e-01 5.625000e-01
5.312500e-01 5.703125e-01
5.312500e-01 5.781250e-01
5.312500e-01 5.859375e-01
5.312500e-01 5.937500e-01
5.312500e-01 6.015625e-01
5.312500e-01 6.093750e-01
5.312500e-01 6.171875e-01
5.312500e-01 6.250000e-01
5.312500e-01 6.328125e-01
5.312500e-01 6.406250e-01
5.312500e-01 6.484375e-01
5.312500e-01 6.562500e-01
5.312500e-01 6.640625e-01
5.312500e-01 6.718750e-01
5.312500e-01 6.796875e-01
5.312500e-01 6.875000e-01
5.312500e-01 6.953125e-01
5.312500e-01 7.031250e-01
5.312500e-01 7.109375e-01
5.312500e-01 7.187500e-01
5.312500e-01 7.265625e-01
5.312500e-01 7.343750e-01
5.312500e-01 7.421875e-01
5.312500e-01 7.500000e-01
5.390625e-01 5.000000e-01
5.390625e-01 5.078125e-01
5.390625e-01 5.156250e-01
5.390625e-01 5.234375e-01
5.390625e-01 5.312500e-01
5.390625e-01 5.390625e-01
5.390625e-01 5.468750e-01
5.390625e-01 5.546875e-01
5.390625e-01 5.625000e-01
5.390625e-01 5.703125e-01
5.390625e-01 5.781250e-01
5.390625e-01 5.859375e-01
5.390625e-01 5.937500e-01
5.390625e-01 6.015625e-01
5.390625e-01 6.093750e-01
5.390625e-01 6.171875e-01
5.390625e-01 6.250000e-01
5.390625e-01 6.328125e-01
5.390625e-01 6.406250e-01
5.390625e-01 6.484375e-01
5.390625e-01 6.562500e-01
5.390625e-01 6.640625e-01
5.390625e-01 6.718750e-01
5.390625e-01 6.796875e-01
5.390625e-01 6.875000e-01
5.390625e-01 6.953125e-01
5.390625e-01 7.031250e-01
5.390625e-01 7.109375e-01
5.390625e-01 7.187500e-01
5.390625e-01 7.265625e-01
5.390625e-01 7.343750e-01
5.390625e-01 7.421875e-01
5.390625e-01 7.500000e-01
5.468750e-01 5.000000e-01
5.468750e-01 5.078125e-01
5.468750e-01 5.156250e-01
5.468750e-01 5.234375e-01
5.468750e-01 5.312500e-01
5.468750e-01 5.390625e-01
5.468750e-01 5.468750e-01
5.468750e-01 5.546875e-01
5.468750e-01 5.625000e-01
5.468750e-01 5.703125e-01
5.468750e-01 5.781250e-01
5.468750e-01 5.859375e-01
5.468750e-01 5.937500e-01
5.468750e-01 6.015625e-01
5.468750e-01 6.093750e-01
5.468750e-01 6.171875e-01
5.468750e-01 6.250000e-01
5.468750e-01 6.328125e-01
5.468750e-01 6.406250e-01
5.468750e-01 6.484375e-01
5.468750e-01 6.562500e-01
5.468750e-01 6.640625e-01
5.468750e-01 6.718750e-01
5.468750e-01 6.796875e-01
5.468750e-01 6.875000e-01
5.468750e-01 6.953125e-01
5.468750e-01 7.031250e-01
5.468750e-01 7.109375e-01
5.468750e-01 7.187500e-01
5.468750e-01 7.265625e-01
5.468750e-01 7.343750e-01
5.468750e-01 7.421875e-01
5.468750e-01 7.500000e-01
5.546875e-01 5.000000e-01
5.546875e-01 5.078125e-01
5.546875e-01 5.156250e-01
5.546875e-01 5.234375e-01
5.546875e-01 5.312500e-01
5.546875e-01 5.390625e-01
5.546875e-01 5.468750e-01
5.546875e-01 5.546875e-01
5.546875e-01 5.625000e-01
5.546875e-01 5.703125e-01
5.546875e-01 5.781250e-01
5.546875e-01 5.859375e-01
5.546875e-01 5.937500e-01
5.546875e-01 6.015625e-01
5.546875e-01 6.093750e-01
5.546875e-01 6.171875e-01
5.546875e-01 6.250000e-01
5.546875e-01 6.328125e-01
5.546875e-01 6.406250e-01
5.546875e-01 6.484375e-01
5.546875e-01 6.562500e-01
5.546875e-01 6.640625e-01
5.546875e-01 6.718750e-01
5.546875e-01 6.796875e-01
5.546875e-01 6.875000e-01
5.546875e-01 6.953125e-01
5.546875e-01 7.031250e-01
5.546875e-01 7.109375e-01
5.546875e-01 7.187500e-01
5.546875e-01 7.265625e-01
5.546875e-01 7.343750e-01
5.546875e-01 7.421875e-01
5.546875e-01 7.500000e-01
5.625000e-01 5.000000e-01
5.625000e-01 5.078125e-01
5.625000e-01 5.156250e-01
5.625000e-01 5.234375e-01
5.625000e-01 5.312500e-01
5.625000e-01 5.390625e-01
5.625000e-01 5.468750e-01
5.625000e-01 5.546875e-01
5.625000e-01 5.625000e-01
5.625000e-01 5.703125e-01
5.625000e-01 5.781250e-01
5.625000e-01 5.859375e-01
5.625000e-01 5.937500e-01
5.625000e-01 6.015625e-01
5.625000e-01 6.093750e-01
5.625000e-01 6.171875e-01
5.625000e-01 6.250000e-01
5.625000e-01 6.328125e-01
5.625000e-01 6.406250e-01
5.625000e-01 6.484375e-01
5.625000e-01 6.562500e-01
5.625000e-01 6.640625e-01
5.625000e-01 6.718750e-01
5.625000e-01 6.796875e-01
5.625000e-01 6.875000e-01
5.625000e-01 6.953125e-01
5.625000e-01 7.031250e-01
5.625000e-01 7.109375e-01
5.625000e-01 7.187500e-01
5.625000e-01 7.265625e-01
5.625000e-01 7.343750e-01
5.625000e-01 7.421875e-01
5.625000e-01 7.500000e-01
5.703125e-01 5.000000e-01
5.703125e-01 5.078125e-01
5.703125e-01 5.156250e-01
5.703125e-01 5.234375e-01
5.703125e-01 5.312500e-01
5.703125e-01 5.390625e-01
5.703125e-01 5.468750e-01
5.703125e-01 5.546875e-01
5.703125e-01 5.625000e-01
5.703125e-01 5.703125e-01
5.703125e-01 5.781250e-01
5.703125e-01 5.859375e-01
5.703125e-01 5.937500e-01
5.703125e-01 6.015625e-01
5.703125e-01 6.093750e-01
5.703125e-01 6.171875e-01
5.703125e-01 6.250000e-01
5.703125e-01 6.328125e-01
5.703125e-01 6.406250e-01
5.703125e-01 6.484375e-01
5.703125e-01 6.562500e-01
5.703125e-01 6.640625e-01
5.703125e-01 6.718750e-01
5.703125e-01 6.796875e-01
5.703125e-01 6.875000e-01
5.703125e-01 6.953125e-01
5.703125e-01 7.031250e-01
5.703125e-01 7.109375e-01
5.703125e-01 7.187500e-01
5.703125e-01 7.265625e-01
5.703125e-01 7.343750e-01
5.703125e-01 7.421875e-01
5.703125e-01 7.500000e-01
5.781250e-01 5.000000e-01
5.781250e-01 5.078125e-01
5.781250e-01 5.156250e-01
5.781250e-01 5.234375e-01
5.781250e-01 5.312500e-01
5.781250e-01 5.390625e-01
5.781250e-01 5.468750e-01
5.781250e-01 5.546875e-01
5.781250e-01 5.625000e-01
5.781250e-01 5.703125e-01
5.781250e-01 5.781250e-01
5.781250e-01 5.859375e-01
5.781250e-01 5.937500e-01
5.781250e-01 6.015625e-01
5.781250e-01 6.093750e-01
5.781250e-01 6.171875e-01
5.781250e-01 6.250000e-01
5.781250e-01 6.328125e-01
5.781250e-01 6.406250e-01
5.781250e-01 6.484375e-01
5.781250e-01 6.562500e-01
5.781250e-01 6.640625e-01
5.781250e-01 6.718750e-01
5.781250e-01 6.796875e-01
5.781250e-01 6.875000e-01
5.781250e-01 6.953125e-01
5.781250e-01 7.031250e-01
5.781250e-01 7.109375e-01
5.781250e-01 7.187500e-01
5.781250e-01 7.265625e-01
5.781250e-01 7.343750e-01
5.781250e-01 7.421875e-01
5.781250e-01 7.500000e-01
5.859375e-01 5.000000e-01
5.859375e-01 5.078125e-01
5.859375e-01 5.156250e-01
5.859375e-01 5.234375e-01
5.859375e-01 5.312500e-01
5.859375e-01 5.390625e-01
5.859375e-01 5.468750e-01
5.859375e-01 5.546875e-01
5.859375e-01 5.625000e-01
5.859375e-01 5.703125e-01
5.859375e-01 5.781250e-01
5.859375e-01 5.859375e-01
5.859375e-01 5.937500e-01
5.859375e-01 6.015625e-01
5.859375e-01 6.093750e-01
5.859375e-01 6.171875e-01
5.859375e-01 6.250000e-01
5.859375e-01 6.328125e-01
5.859375e-01 6.406250e-01
5.859375e-01 6.484375e-01
5.859375e-01 6.562500e-01
5.859375e-01 6.640625e-01
5.859375e-01 6.718750e-01
5.859375e-01 6.796875e-01
5.859375e-01 6.875000e-01
5.859375e-01 6.953125e-01
5.859375e-01 7.031250e-01
5.859375e-01 7.109375e-01
5.859375e-01 7.187500e-01
5.859375e-01 7.265625e-01
5.859375e-01 7.343750e-01
5.859375e-01 7.421875e-01
5.859375e-01 7.500000e-01
5.937500e-01 5.000000e-01
5.937500e-01 5.078125e-01
5.937500e-01 5.156250e-01
5.937500e-01 5.234375e-01
5.937500e-01 5.312500e-01
5.937500e-01 5.390625e-01
5.937500e-01 5.468750e-01
5.937500e-01 5.546875e-01
5.937500e-01 5.625000e-01
5.937500e-01 5.703125e-01
5.937500e-01 5.781250e-01
5.937500e-01 5.859375e-01
5.937500e-01 5.937500e-01
5.937500e-01 6.015625e-01
5.937500e-01 6.093750e-01
5.937500e-01 6.171875e-01
5.937500e-01 6.250000e-01
5.937500e-01 6.328125e-01
5.937500e-01 6.406250e-01
5.937500e-01 6.484375e-01
5.937500e-01 6.562500e-01
5.937500e-01 6.640625e-01
5.937500e-01 6.718750e-01
5.937500e-01 6.796875e-01
5.937500e-01 6.875000e-01
5.937500e-01 6.953125e-01
5.937500e-01 7.031250e-01
5.937500e-01 7.109375e-01
5.937500e-01 7.187500e-01
5.937500e-01 7.265625e-01
5.937500e-01 7.343750e-01
5.937500e-01 7.421875e-01
5.937500e-01 7.500000e-01
6.015625e-01 5.000000e-01
6.015625e-01 5.078125e-01
6.015625e-01 5.156250e-01
6.015625e-01 5.234375e-01
6.015625e-01 5.312500e-01
6.015625e-01 5.390625e-01
6.015625e-01 5.468750e-01
6.015625e-01 5.546875e-01
6.015625e-01 5.625000e-01
6.015625e-01 5.703125e-01
6.015625e-01 5.781250e-01
6.015625e-01 5.859375e-01
6.015625e-01 5.937500e-01
6.015625e-01 6.015625e-01
6.015625e-01 6.093750e-01
6.015625e-01 6.171875e-01
6.015625e-01 6.250000e-01
6.015625e-01 6.328125e-01
6.015625e-01 6.406250e-01
6.015625e-01 6.484375e-01
6.015625e-01 6.562500e-01
6.015625e-01 6.640625e-01
6.015625e-01 6.718750e-01
6.015625e-01 6.796875e-01
6.015625e-01 6.875000e-01
6.015625e-01 6.953125e-01
6.015625e-01 7.031250e-01
6.015625e-01 7.109375e-01
6.015625e-01 7.187500e-01
6.015625e-01 7.265625e-01
6.015625e-01 7.343750e-01
6.015625e-01 7.421875e-01
6.015625e-01 7.500000e-01
6.093750e-01 5.000000e-01
6.093750e-01 5.078125e-01
6.093750e-01 5.156250e-01
6.093750e-01 5.234375e-01
6.093750e-01 5.312500e-01
6.093750e-01 5.390625e-01
6.093750e-01 5.468750e-01
6.093750e-01 5.546875e-01
6.093750e-01 5.625000e-01
6.093750e-01 5.703125e-01
6.093750e-01 5.781250e-01
6.093750e-01 5.859375e-01
6.093750e-01 5.937500e-01
6.093750e-01 6.015625e-01
6.093750e-01 6.093750e-01
6.093750e-01 6.171875e-01
6.093750e-01 6.250000e-01
6.093750e-01 6.328125e-01
6.093750e-01 6.406250e-01
6.093750e-01 6.484375e-01
6.093750e-01 6.562500e-01
6.093750e-01 6.640625e-01
6.093750e-01 6.718750e-01
6.093750e-01 6.796875e-01
6.093750e-01 6.875000e-01
6.093750e-01 6.953125e-01
6.093750e-01 7.031250e-01
6.093750e-01 7.109375e-01
6.093750e-01 7.187500e-01
6.093750e-01 7.265625e-01
6.093750e-01 7.343750e-01
6.093750e-01 7.421875e-01
6.093750e-01 7.500000e-01
6.171875e-01 5.000000e-01
6.171875e-01 5.078125e-01
6.171875e-01 5.156250e-01
6.171875e-01 5.234375e-01
6.171875e-01 5.312500e-01
6.171875e-01 5.390625e-01
6.171875e-01 5.468750e-01
6.171875e-01 5.546875e-01
6.171875e-01 5.625000e-01
6.171875e-01 5.703125e-01
6.171875e-01 5.781250e-01
6.171875e-01 5.859375e-01
6.171875e-01 5.937500e-01
6.171875e-01 6.015625e-01
6.171875e-01 6.093750e-01
6.171875e-01 6.171875e-01
6.171875e-01 6.250000e-01
6.171875e-01 6.328125e-01
6.171875e-01 6.406250e-01
6.171875e-01 6.484375e-01
6.171875e-01 6.562500e-01
6.171875e-01 6.640625e-01
6.171875e-01 6.718750e-01
6.171875e-01 6.796875e-01
6.171875e-01 6.875000e-01
6.171875e-01 6.953125e-01
6.171875e-01 7.031250e-01
6.171875e-01 7.109375e-01
6.171875e-01 7.187500e-01
6.171875e-01 7.265625e-01
6.171875e-01 7.343750e-01
6.171875e-01 7.421875e-01
6.171875e-01 7.500000e-01
6.250000e-01 5.000000e-01
6.250000e-01 5.078125e-01
6.250000e-01 5.156250e-01
6.250000e-01 5.234375e-01
6.250000e-01 5.312500e-01
6.250000e-01 5.390625e-01
6.250000e-01 5.468750e-01
6.250000e-01 5.546875e-01
6.250000e-01 5.625000e-01
6.250000e-01 5.703125e-01
6.250000e-01 5.781250e-01
6.250000e-01 5.859375e-01
6.250000e-01 5.937500e-01
6.250000e-01 6.015625e-01
6.250000e-01 6.093750e-01
6.250000e-01 6.171875e-01
6.250000e-01 6.250000e-01
6.250000e-01 6.328125e-01
6.250000e-01 6.406250e-01
6.250000e-01 6.484375e-01
6.250000e-01 6.562500e-01
6.250000e-01 6.640625e-01
6.250000e-01 6.718750e-01
6.250000e-01 6.796875e-01
6.250000e-01 6.875000e-01
6.250000e-01 6.953125e-01
6.250000e-01 7.031250e-01
6.250000e-01 7.109375e-01
6.250000e-01 7.187500e-01
6.250000e-01 7.265625e-01
6.250000e-01 7.343750e-01
6.250000e-01 7.421875e-01
6.250000e-01 7.500000e-01
6.328125e-01 5.000000e-01
6.328125e-01 5.078125e-01
6.328125e-01 5.156250e-01
6.328125e-01 5.234375e-01
6.328125e-01 5.312500e-01
6.328125e-01 5.390625e-01
6.328125e-01 5.468750e-01
6.328125e-01 5.546875e-01
6.328125e-01 5.625000e-01
6.328125e-01 5.703125e-01
6.328125e-01 5.781250e-01
6.328125e-01 5.859375e-01
6.328125e-01 5.937500e-01
6.328125e-01 6.015625e-01
6.328125e-01 6.093750e-01
6.328125e-01 6.171875e-01
6.328125e-01 6.250000e-01
6.328125e-01 6.328125e-01
6.328125e-01 6.406250e-01
6.328125e-01 6.484375e-01
6.328125e-01 6.562500e-01
6.328125e-01 6.640625e-01
6.328125e-01 6.718750e-01
6.328125e-01 6.796875e-01
6.328125e-01 6.875000e-01
6.328125e-01 6.953125e-01
6.328125e-01 7.031250e-01
6.328125e-01 7.109375e-01
6.328125e-01 7.187500e-01
6.328125e-01 7.265625e-01
6.328125e-01 7.343750e-01
6.328125e-01 7.421875e-01
6.328125e-01 7.500000e-01
6.406250e-01 5.000000e-01
6.406250e-01 5.078125e-01
6.406250e-01 5.156250e-01
6.406250e-01 5.234375e-01
6.406250e-01 5.312500e-01
6.406250e-01 5.390625e-01
6.406250e-01 5.468750e-01
6.406250e-01 5.546875e-01
6.406250e-01 5.625000e-01
6.406250e-01 5.703125e-01
6.406250e-01 5.781250e-01
6.406250e-01 5.859375e-01
6.406250e-01 5.937500e-01
6.406250e-01 6.015625e-01
6.406250e-01 6.093750e-01
6.406250e-01 6.171875e-01
6.406250e-01 6.250000e-01
6.406250e-01 6.328125e-01
6.406250e-01 6.406250e-01
6.406250e-01 6.484375e-01
6.406250e-01 6.562500e-01
6.406250e-01 6.640625e-01
6.406250e-01 6.718750e-01
6.406250e-01 6.796875e-01
6.406250e-01 6.875000e-01
6.406250e-01 6.953125e-01
6.406250e-01 7.031250e-01
6.406250e-01 7.109375e-01
6.406250e-01 7.187500e-01
6.406250e-01 7.265625e-01
6.406250e-01 7.343750e-01
6.406250e-01 7.421875e-01
6.406250e-01 7.500000e-01
6.484375e-01 5.000000e-01
6.484375e-01 5.078125e-01
6.484375e-01 5.156250e-01
6.484375e-01 5.234375e-01
6.484375e-01 5.312500e-01
6.484375e-01 5.390625e-01
6.484375e-01 5.468750e-01
6.484375e-01 5.546875e-01
6.484375e-01 5.625000e-01
6.484375e-01 5.703125e-01
6.484375e-01 5.781250e-01
6.484375e-01 5.859375e-01
6.484375e-01 5.937500e-01
6.484375e-01 6.015625e-01
6.484375e-01 6.093750e-01
6.484375e-01 6.171875e-01
6.484375e-01 6.250000e-01
6.484375e-01 6.328125e-01
6.484375e-01 6.406250e-01
6.484375e-01 6.484375e-01
6.484375e-01 6.562500e-01
6.484375e-01 6.640625e-01
6.484375e-01 6.718750e-01
6.484375e-01 6.796875e-01
6.484375e-01 6.875000e-01
6.484375e-01 6.953125e-01
6.484375e-01 7.031250e-01
6.484375e-01 7.109375e-01
6.484375e-01 7.187500e-01
6.484375e-01 7.265625e-01
6.484375e-01 7.343750e-01
6.484375e-01 7.421875e-01
6.484375e-01 7.500000e-01
6.562500e-01 5.000000e-01
6.562500e-01 5.078125e-01
6.562500e-01 5.156250e-01
6.562500e-01 5.234375e-01
6.562500e-01 5.312500e-01
6.562500e-01 5.390625e-01
6.562500e-01 5.468750e-01
6.562500e-01 5.546875e-01
6.562500e-01 5.625000e-01
6.562500e-01 5.703125e-01
6.562500e-01 5.781250e-01
6.562500e-01 5.859375e-01
6.562500e-01 5.937500e-01
6.562500e-01 6.015625e-01
6.562500e-01 6.093750e-01
6.562500e-01 6.171875e-01
6.562500e-01 6.250000e-01
6.562500e-01 6.328125e-01
6.562500e-01 6.406250e-01
6.562500e-01 6.484375e-01
6.562500e-01 6.562500e-01
6.562500e-01 6.640625e-01
6.562500e-01 6.718750e-01
6.562500e-01 6.796875e-01
6.562500e-01 6.875000e-01
6.562500e-01 6.953125e-01
6.562500e-01 7.031250e-01
6.562500e-01 7.109375e-01
6.562500e-01 7.187500e-01
6.562500e-01 7.265625e-01
6.562500e-01 7.343750e-01
6.562500e-01 7.421875e-01
6.562500e-01 7.500000e-01
6.640625e-01 5.000000e-01
6.640625e-01 5.078125e-01
6.640625e-01 5.156250e-01
6.640625e-01 5.234375e-01
6.640625e-01 5.312500e-01
6.640625e-01 5.390625e-01
6.640625e-01 5.468750e-01
6.640625e-01 5.546875e-01
6.640625e-01 5.625000e-01
6.640625e-01 5.703125e-01
6.640625e-01 5.781250e-01
6.640625e-01 5.859375e-01
6.640625e-01 5.937500e-01
6.640625e-01 6.015625e-01
6.640625e-01 6.093750e-01
6.640625e-01 6.171875e-01
6.640625e-01 6.250000e-01
6.640625e-01 6.328125e-01
6.640625e-01 6.406250e-01
6.640625e-01 6.484375e-01
6.640625e-01 6.562500e-01
6.640625e-01 6.640625e-01
6.640625e-01 6.718750e-01
6.640625e-01 6.796875e-01
6.640625e-01 6.875000e-01
6.640625e-01 6.953125e-01
6.640625e-01 7.031250e-01
6.640625e-01 7.109375e-01
6.640625e-01 7.187500e-01
6.640625e-01 7.265625e-01
6.640625e-01 7.343750e-01
6.640625e-01 7.421875e-01
6.640625e-01 7.500000e-01
6.718750e-01 5.000000e-01
6.718750e-01 5.078125e-01
6.718750e-01 5.156250e-01
6.718750e-01 5.234375e-01
6.718750e-01 5.312500e-01
6.718750e-01 5.390625e-01
6.718750e-01 5.468750e-01
6.718750e-01 5.546875e-01
6.718750e-01 5.625000e-01
6.718750e-01 5.703125e-01
6.718750e-01 5.781250e-01
6.718750e-01 5.859375e-01
6.718750e-01 5.937500e-01
6.718750e-01 6.015625e-01
6.718750e-01 6.093750e-01
6.718750e-01 6.171875e-01
6.718750e-01 6.250000e-01
6.718750e-01 6.328125e-01
6.718750e-01 6.406250e-01
6.718750e-01 6.484375e-01
6.718750e-01 6.562500e-01
6.718750e-01 6.640625e-01
6.718750e-01 6.718750e-01
6.718750e-01 6.796875e-01
6.718750e-01 6.875000e-01
6.718750e-01 6.953125e-01
6.718750e-01 7.031250e-01
6.718750e-01 7.109375e-01
6.718750e-01 7.187500e-01
6.718750e-01 7.265625e-01
6.718750e-01 7.343750e-01
6.718750e-01 7.421875e-01
6.718750e-01 7.500000e-01
6.796875e-01 5.000000e-01
6.796875e-01 5.078125e-01
6.796875e-01 5.156250e-01
6.796875e-01 5.234375e-01
6.796875e-01 5.312500e-01
6.796875e-01 5.390625e-01
6.796875e-01 5.468750e-01
6.796875e-01 5.546875e-01
6.796875e-01 5.625000e-01
6.796875e-01 5.703125e-01
6.796875e-01 5.781250e-01
6.796875e-01 5.859375e-01
6.796875e-01 5.937500e-01
6.796875e-01 6.015625e-01
6.796875e-01 6.093750e-01
6.796875e-01 6.171875e-01
6.796875e-01 6.250000e-01
6.796875e-01 6.328125e-01
6.796875e-01 6.406250e-01
6.796875e-01 6.484375e-01
6.796875e-01 6.562500e-01
6.796875e-01 6.640625e-01
6.796875e-01 6.718750e-01
6.796875e-01 6.796875e-01
6.796875e-01 6.875000e-01
6.796875e-01 6.953125e-01
6.796875e-01 7.031250e-01
6.796875e-01 7.109375e-01
6.796875e-01 7.187500e-01
6.796875e-01 7.265625e-01
6.796875e-01 7.343750e-01
6.796875e-01 7.421875e-01
6.796875e-01 7.500000e-01
6.875000e-01 5.000000e-01
6.875000e-01 5.078125e-01
6.875000e-01 5.156250e-01
6.875000e-01 5.234375e-01
6.875000e-01 5.312500e-01
6.875000e-01 5.390625e-01
6.875000e-01 5.468750e-01
6.875000e-01 5.546875e-01
6.875000e-01 5.625000e-01
6.875000e-01 5.703125e-01
6.875000e-01 5.781250e-01
6.875000e-01 5.859375e-01
6.875000e-01 5.937500e-01
6.875000e-01 6.015625e-01
6.875000e-01 6.093750e-01
6.875000e-01 6.171875e-01
6.875000e-01 6.250000e-01
6.875000e-01 6.328125e-01
6.875000e-01 6.406250e-01
6.875000e-01 6.484375e-01
6.875000e-01 6.562500e-01
6.875000e-01 6.640625e-01
6.875000e-01 6.718750e-01
6.875000e-01 6.796875e-01
6.875000e-01 6.875000e-01
6.875000e-01 6.953125e-01
6.875000e-01 7.031250e-01
6.875000e-01 7.109375e-01
6.875000e-01 7.187500e-01
6.875000e-01 7.265625e-01
6.875000e-01 7.343750e-01
6.875000e-01 7.421875e-01
6.875000e-01 7.500000e-01
6.953125e-01 5.000000e-01
6.953125e-01 5.078125e-01
6.953125e-01 5.156250e-01
6.953125e-01 5.234375e-01
6.953125e-01 5.312500e-01
6.953125e-01 5.390625e-01
6.953125e-01 5.468750e-01
6.953125e-01 5.546875e-01
6.953125e-01 5.625000e-01
6.953125e-01 5.703125e-01
6.953125e-01 5.781250e-01
6.953125e-01 5.859375e-01
6.953125e-01 5.937500e-01
6.953125e-01 6.015625e-01
6.953125e-01 6.093750e-01
6.953125e-01 6.171875e-01
6.953125e-01 6.250000e-01
6.953125e-01 6.328125e-01
6.953125e-01 6.406250e-01
6.953125e-01 6.484375e-01
6.953125e-01 6.562500e-01
6.953125e-01 6.640625e-01
6.953125e-01 6.718750e-01
6.953125e-01 6.796875e-01
6.953125e-01 6.875000e-01
6.953125e-01 6.953125e-01
6.953125e-01 7.031250e-01
6.953125e-01 7.109375e-01
6.953125e-01 7.187500e-01
6.953125e-01 7.265625e-01
6.953125e-01 7.343750e-01
6.953125e-01 7.421875e-01
6.953125e-01 7.500000e-01
7.031250e-01 5.000000e-01
7.031250e-01 5.078125e-01
7.031250e-01 5.156250e-01
7.031250e-01 5.234375e-01
7.031250e-01 5.312500e-01
7.031250e-01 5.390625e-01
7.031250e-01 5.468750e-01
7.031250e-01 5.546875e-01
7.031250e-01 5.625000e-01
7.031250e-01 5.703125e-01
7.031250e-01 5.781250e-01
7.031250e-01 5.859375e-01
7.031250e-01 5.937500e-01
7.031250e-01 6.015625e-01
7.031250e-01 6.093750e-01
7.031250e-01 6.171875e-01
7.031250e-01 6.250000e-01
7.031250e-01 6.328125e-01
7.031250e-01 6.406250e-01
7.031250e-01 6.484375e-01
7.031250e-01 6.562500e-01
7.031250e-01 6.640625e-01
7.031250e-01 6.718750e-01
7.031250e-01 6.796875e-01
7.031250e-01 6.875000e-01
7.031250e-01 6.953125e-01
7.031250e-01 7.031250e-01
7.031250e-01 7.109375e-01
7.031250e-01 7.187500e-01
7.031250e-01 7.265625e-01
7.031250e-01 7.343750e-01
7.031250e-01 7.421875e-01
7.031250e-01 7.500000e-01
7.109375e-01 5.000000e-01
7.109375e-01 5.078125e-01
7.109375e-01 5.156250e-01
7.109375e-01 5.234375e-01
7.109375e-01 5.312500e-01
7.109375e-01 5.390625e-01
7.109375e-01 5.468750e-01
7.109375e-01 5.546875e-01
7.109375e-01 5.625000e-01
7.109375e-01 5.703125e-01
7.109375e-01 5.781250e-01
7.109375e-01 5.859375e-01
7.109375e-01 5.937500e-01
7.109375e-01 6.015625e-01
7.109375e-01 6.093750e-01
7.109375e-01 6.171875e-01
7.109375e-01 6.250000e-01
7.109375e-01 6.328125e-01
7.109375e-01 6.406250e-01
7.109375e-01 6.484375e-01
7.109375e-01 6.562500e-01
7.109375e-01 6.640625e-01
7.109375e-01 6.718750e-01
7.109375e-01 6.796875e-01
7.109375e-01 6.875000e-01
7.109375e-01 6.953125e-01
7.109375e-01 7.031250e-01
7.109375e-01 7.109375e-01
7.109375e-01 7.187500e-01
7.109375e-01 7.265625e-01
7.109375e-01 7.343750e-01
7.109375e-01 7.421875e-01
7.109375e-01 7.500000e-01
7.187500e-01 5.000000e-01
7.187500e-01 5.078125e-01
7.187500e-01 5.156250e-01
7.187500e-01 5.234375e-01
7.187500e-01 5.312500e-01
7.187500e-01 5.390625e-01
7.187500e-01 5.468750e-01
7.187500e-01 5.546875e-01
7.187500e-01 5.625000e-01
7.187500e-01 5.703125e-01
7.187500e-01 5.781250e-01
7.187500e-01 5.859375e-01
7.187500e-01 5.937500e-01
7.187500e-01 6.015625e-01
7.187500e-01 6.093750e-01
7.187500e-01 6.171875e-01
7.187500e-01 6.250000e-01
7.187500e-01 6.328125e-01
7.187500e-01 6.406250e-01
7.187500e-01 6.484375e-01
7.187500e-01 6.562500e-01
7.187500e-01 6.640625e-01
7.187500e-01 6.718750e-01
7.187500e-01 6.796875e-01
7.187500e-01 6.875000e-01
7.187500e-01 6.953125e-01
7.187500e-01 7.031250e-01
7.187500e-01 7.109375e-01
7.187500e-01 7.187500e-01
7.187500e-01 7.265625e-01
7.187500e-01 7.343750e-01
7.187500e-01 7.421875e-01
7.187500e-01 7.500000e-01
7.265625e-01 5.000000e-01
7.265625e-01 5.078125e-01
7.265625e-01 5.156250e-01
7.265625e-01 5.234375e-01
7.265625e-01 5.312500e-01
7.265625e-01 5.390625e-01
7.265625e-01 5.468750e-01
7.265625e-01 5.546875e-01
7.265625e-01 5.625000e-01
7.265625e-01 5.703125e-01
7.265625e-01 5.781250e-01
7.265625e-01 5.859375e-01
7.265625e-01 5.937500e-01
7.265625e-01 6.015625e-01
7.265625e-01 6.093750e-01
7.265625e-01 6.171875e-01
7.265625e-01 6.250000e-01
7.265625e-01 6.328125e-01
7.265625e-01 6.406250e-01
7.265625e-01 6.484375e-01
7.265625e-01 6.562500e-01
7.265625e-01 6.640625e-01
7.265625e-01 6.718750e-01
7.265625e-01 6.796875e-01
7.265625e-01 6.875000e-01
7.265625e-01 6.953125e-01
7.265625e-01 7.031250e-01
7.265625e-01 7.109375e-01
7.265625e-01 7.187500e-01
7.265625e-01 7.265625e-01
7.265625e-01 7.343750e-01
7.265625e-01 7.421875e-01
7.265625e-01 7.500000e-01
7.343750e-01 5.000000e-01
7.343750e-01 5.078125e-01
7.343750e-01 5.156250e-01
7.343750e-01 5.234375e-01
7.343750e-01 5.312500e-01
7.343750e-01 5.390625e-01
7.343750e-01 5.468750e-01
7.343750e-01 5.546875e-01
7.343750e-01 5.625000e-01
7.343750e-01 5.703125e-01
7.343750e-01 5.781250e-01
7.343750e-01 5.859375e-01
7.343750e-01 5.937500e-01
7.343750e-01 6.015625e-01
7.343750e-01 6.093750e-01
7.343750e-01 6.171875e-01
7.343750e-01 6.250000e-01
7.343750e-01 6.328125e-01
7.343750e-01 6.406250e-01
7.343750e-01 6.484375e-01
7.343750e-01 6.562500e-01
7.343750e-01 6.640625e-01
7.343750e-01 6.718750e-01
7.343750e-01 6.796875e-01
7.343750e-01 6.875000e-01
7.343750e-01 6.953125e-01
7.343750e-01 7.031250e-01
7.343750e-01 7.109375e-01
7.343750e-01 7.187500e-01
7.343750e-01 7.265625e-01
7.343750e-01 7.343750e-01
7.343750e-01 7.421875e-01
7.343750e-01 7.500000e-01
7.421875e-01 5.000000e-01
7.421875e-01 5.078125e-01
7.421875e-01 5.156250e-01
7.421875e-01 5.234375e-01
7.421875e-01 5.312500e-01
7.421875e-01 5.390625e-01
7.421875e-01 5.468750e-01
7.421875e-01 5.546875e-01
7.421875e-01 5.625000e-01
7.421875e-01 5.703125e-01
7.421875e-01 5.781250e-01
7.421875e-01 5.859375e-01
7.421875e-01 5.937500e-01
7.421875e-01 6.015625e-01
7.421875e-01 6.093750e-01
7.421875e-01 6.171875e-01
7.421875e-01 6.250000e-01
7.421875e-01 6.328125e-01
7.421875e-01 6.406250e-01
7.421875e-01 6.484375e-01
7.421875e-01 6.562500e-01
7.421875e-01 6.640625e-01
7.421875e-01 6.718750e-01
7.421875e-01 6.796875e-01
7.421875e-01 6.875000e-01
7.421875e-01 6.953125e-01
7.421875e-01 7.031250e-01
7.421875e-01 7.109375e-01
7.421875e-01 7.187500e-01
7.421875e-01 7.265625e-01
7.421875e-01 7.343750e-01
7.421875e-01 7.421875e-01
7.421875e-01 7.500000e-01
7.500000e-01 5.000000e-01
7.500000e-01 5.078125e-01
7.500000e-01 5.156250e-01
7.500000e-01 5.234375e-01
7.500000e-01 5.312500e-01
7.500000e-01 5.390625e-01
7.500000e-01 5.468750e-01
7.500000e-01 5.546875e-01
7.500000e-01 5.625000e-01
7.500000e-01 5.703125e-01
7.500000e-01 5.781250e-01
7.500000e-01 5.859375e-01
7.500000e-01 5.937500e-01
7.500000e-01 6.015625e-01
7.500000e-01 6.093750e-01
7.500000e-01 6.171875e-01
7.500000e-01 6.250000e-01
7.500000e-01 6.328125e-01
7.500000e-01 6.406250e-01
7.500000e-01 6.484375e-01
7.500000e-01 6.562500e-01
7.500000e-01 6.640625e-01
7.500000e-01 6.718750e-01
7.500000e-01 6.796875e-01
7.500000e-01 6.875000e-01
7.500000e-01 6.953125e-01
7.500000e-01 7.031250e-01
7.500000e-01 7.109375e-01
7.500000e-01 7.187500e-01
7.500000e-01 7.265625e-01
7.500000e-01 7.343750e-01
7.500000e-01 7.421875e-01
7.500000e-01 7.500000e-01
