0.000000e+00 5.000000e-01
0.000000e+00 5.078125e-01
0.000000e+00 5.156250e-01
0.000000e+00 5.234375e-01
0.000000e+00 5.312500e-01
0.000000e+00 5.390625e-01
0.000000e+00 5.468750e-01
0.000000e+00 5.546875e-01
0.000000e+00 5.625000e-01
0.000000e+00 5.703125e-01
0.000000e+00 5.781250e-01
0.000000e+00 5.859375e-01
0.000000e+00 5.937500e-01
0.000000e+00 6.015625e-01
0.000000e+00 6.093750e-01
0.000000e+00 6.171875e-01
0.000000e+00 6.250000e-01
0.000000e+00 6.328125e-01
0.000000e+00 6.406250e-01
0.000000e+00 6.484375e-01
0.000000e+00 6.562500e-01
0.000000e+00 6.640625e-01
0.000000e+00 6.718750e-01
0.000000e+00 6.796875e-01
0.000000e+00 6.875000e-01
0.000000e+00 6.953125e-01
0.000000e+00 7.031250e-01
0.000000e+00 7.109375e-01
0.000000e+00 7.187500e-01
0.000000e+00 7.265625e-01
0.000000e+00 7.343750e-01
0.000000e+00 7.421875e-01
0.000000e+00 7.500000e-01
7.812500e-03 5.000000e-01
7.812500e-03 5.078125e-01
7.812500e-03 5.156250e-01
7.812500e-03 5.234375e-01
7.812500e-03 5.312500e-01
7.812500e-03 5.390625e-01
7.812500e-03 5.468750e-01
7.812500e-03 5.546875e-01
7.812500e-03 5.625000e-01
7.812500e-03 5.703125e-01
7.812500e-03 5.781250e-01
7.812500e-03 5.859375e-01
7.812500e-03 5.937500e-01
7.812500e-03 6.015625e-01
7.812500e-03 6.093750e-01
7.812500e-03 6.171875e-01
7.812500e-03 6.250000e-01
7.812500e-03 6.328125e-01
7.812500e-03 6.406250e-01
7.812500e-03 6.484375e-01
7.812500e-03 6.562500e-01
7.812500e-03 6.640625e-01
7.812500e-03 6.718750e-01
7.812500e-03 6.796875e-01
7.812500e-03 6.875000e-01
7.812500e-03 6.953125e-01
7.812500e-03 7.031250e-01
7.812500e-03 7.109375e-01
7.812500e-03 7.187500e-01
7.812500e-03 7.265625e-01
7.812500e-03 7.343750e-01
7.812500e-03 7.421875e-01
7.812500e-03 7.500000e-01
1.562500e-02 5.000000e-01
1.562500e-02 5.078125e-01
1.562500e-02 5.156250e-01
1.562500e-02 5.234375e-01
1.562500e-02 5.312500e-01
1.562500e-02 5.390625e-01
1.562500e-02 5.468750e-01
1.562500e-02 5.546875e-01
1.562500e-02 5.625000e-01
1.562500e-02 5.703125e-01
1.562500e-02 5.781250e-01
1.562500e-02 5.859375e-01
1.562500e-02 5.937500e-01
1.562500e-02 6.015625e-01
1.562500e-02 6.093750e-01
1.562500e-02 6.171875e-01
1.562500e-02 6.250000e-01
1.562500e-02 6.328125e-01
1.562500e-02 6.406250e-01
1.562500e-02 6.484375e-01
1.562500e-02 6.562500e-01
1.562500e-02 6.640625e-01
1.562500e-02 6.718750e-01
1.562500e-02 6.796875e-01
1.562500e-02 6.875000e-01
1.562500e-02 6.953125e-01
1.562500e-02 7.031250e-01
1.562500e-02 7.109375e-01
1.562500e-02 7.187500e-01
1.562500e-02 7.265625e-01
1.562500e-02 7.343750e-01
1.562500e-02 7.421875e-01
1.562500e-02 7.500000e-01
2.343750e-02 5.000000e-01
2.343750e-02 5.078125e-01
2.343750e-02 5.156250e-01
2.343750e-02 5.234375e-01
2.343750e-02 5.312500e-01
2.343750e-02 5.390625e-01
2.343750e-02 5.468750e-01
2.343750e-02 5.546875e-01
2.343750e-02 5.625000e-01
2.343750e-02 5.703125e-01
2.343750e-02 5.781250e-01
2.343750e-02 5.859375e-01
2.343750e-02 5.937500e-01
2.343750e-02 6.015625e-01
2.343750e-02 6.093750e-01
2.343750e-02 6.171875e-01
2.343750e-02 6.250000e-01
2.343750e-02 6.328125e-01
2.343750e-02 6.406250e-01
2.343750e-02 6.484375e-01
2.343750e-02 6.562500e-01
2.343750e-02 6.640625e-01
2.343750e-02 6.718750e-01
2.343750e-02 6.796875e-01
2.343750e-02 6.875000e-01
2.343750e-02 6.953125e-01
2.343750e-02 7.031250e-01
2.343750e-02 7.109375e-01
2.343750e-02 7.187500e-01
2.343750e-02 7.265625e-01
2.343750e-02 7.343750e-01
2.343750e-02 7.421875e-01
2.343750e-02 7.500000e-01
3.125000e-02 5.000000e-01
3.125000e-02 5.078125e-01
3.125000e-02 5.156250e-01
3.125000e-02 5.234375e-01
3.125000e-02 5.312500e-01
3.125000e-02 5.390625e-01
3.125000e-02 5.468750e-01
3.125000e-02 5.546875e-01
3.125000e-02 5.625000e-01
3.125000e-02 5.703125e-01
3.125000e-02 5.781250e-01
3.125000e-02 5.859375e-01
3.125000e-02 5.937500e-01
3.125000e-02 6.015625e-01
3.125000e-02 6.093750e-01
3.125000e-02 6.171875e-01
3.125000e-02 6.250000e-01
3.125000e-02 6.328125e-01
3.125000e-02 6.406250e-01
3.125000e-02 6.484375e-01
3.125000e-02 6.562500e-01
3.125000e-02 6.640625e-01
3.125000e-02 6.718750e-01
3.125000e-02 6.796875e-01
3.125000e-02 6.875000e-01
3.125000e-02 6.953125e-01
3.125000e-02 7.031250e-01
3.125000e-02 7.109375e-01
3.125000e-02 7.187500e-01
3.125000e-02 7.265625e-01
3.125000e-02 7.343750e-01
3.125000e-02 7.421875e-01
3.125000e-02 7.500000e-01
3.906250e-02 5.000000e-01
3.906250e-02 5.078125e-01
3.906250e-02 5.156250e-01
3.906250e-02 5.234375e-01
3.906250e-02 5.312500e-01
3.906250e-02 5.390625e-01
3.906250e-02 5.468750e-01
3.906250e-02 5.546875e-01
3.906250e-02 5.625000e-01
3.906250e-02 5.703125e-01
3.906250e-02 5.781250e-01
3.906250e-02 5.859375e-01
3.906250e-02 5.937500e-01
3.906250e-02 6.015625e-01
3.906250e-02 6.093750e-01
3.906250e-02 6.171875e-01
3.906250e-02 6.250000e-01
3.906250e-02 6.328125e-01
3.906250e-02 6.406250e-01
3.906250e-02 6.484375e-01
3.906250e-02 6.562500e-01
3.906250e-02 6.640625e-01
3.906250e-02 6.718750e-01
3.906250e-02 6.796875e-01
3.906250e-02 6.875000e-01
3.906250e-02 6.953125e-01
3.906250e-02 7.031250e-01
3.906250e-02 7.109375e-01
3.906250e-02 7.187500e-01
3.906250e-02 7.265625e-01
3.906250e-02 7.343750e-01
3.906250e-02 7.421875e-01
3.906250e-02 7.500000e-01
4.687500e-02 5.000000e-01
4.687500e-02 5.078125e-01
4.687500e-02 5.156250e-01
4.687500e-02 5.234375e-01
4.687500e-02 5.312500e-01
4.687500e-02 5.390625e-01
4.687500e-02 5.468750e-01
4.687500e-02 5.546875e-01
4.687500e-02 5.625000e-01
4.687500e-02 5.703125e-01
4.687500e-02 5.781250e-01
4.687500e-02 5.859375e-01
4.687500e-02 5.937500e-01
4.687500e-02 6.015625e-01
4.687500e-02 6.093750e-01
4.687500e-02 6.171875e-01
4.687500e-02 6.250000e-01
4.687500e-02 6.328125e-01
4.687500e-02 6.406250e-01
4.687500e-02 6.484375e-01
4.687500e-02 6.562500e-01
4.687500e-02 6.640625e-01
4.687500e-02 6.718750e-01
4.687500e-02 6.796875e-01
4.687500e-02 6.875000e-01
4.687500e-02 6.953125e-01
4.687500e-02 7.031250e-01
4.687500e-02 7.109375e-01
4.687500e-02 7.187500e-01
4.687500e-02 7.265625e-01
4.687500e-02 7.343750e-01
4.687500e-02 7.421875e-01
4.687500e-02 7.500000e-01
5.468750e-02 5.000000e-01
5.468750e-02 5.078125e-01
5.468750e-02 5.156250e-01
5.468750e-02 5.234375e-01
5.468750e-02 5.312500e-01
5.468750e-02 5.390625e-01
5.468750e-02 5.468750e-01
5.468750e-02 5.546875e-01
5.468750e-02 5.625000e-01
5.468750e-02 5.703125e-01
5.468750e-02 5.781250e-01
5.468750e-02 5.859375e-01
5.468750e-02 5.937500e-01
5.468750e-02 6.015625e-01
5.468750e-02 6.093750e-01
5.468750e-02 6.171875e-01
5.468750e-02 6.250000e-01
5.468750e-02 6.328125e-01
5.468750e-02 6.406250e-01
5.468750e-02 6.484375e-01
5.468750e-02 6.562500e-01
5.468750e-02 6.640625e-01
5.468750e-02 6.718750e-01
5.468750e-02 6.796875e-01
5.468750e-02 6.875000e-01
5.468750e-02 6.953125e-01
5.468750e-02 7.031250e-01
5.468750e-02 7.109375e-01
5.468750e-02 7.187500e-01
5.468750e-02 7.265625e-01
5.468750e-02 7.343750e-01
5.468750e-02 7.421875e-01
5.468750e-02 7.500000e-01
6.250000e-02 5.000000e-01
6.250000e-02 5.078125e-01
6.250000e-02 5.156250e-01
6.250000e-02 5.234375e-01
6.250000e-02 5.312500e-01
6.250000e-02 5.390625e-01
6.250000e-02 5.468750e-01
6.250000e-02 5.546875e-01
6.250000e-02 5.625000e-01
6.250000e-02 5.703125e-01
6.250000e-02 5.781250e-01
6.250000e-02 5.859375e-01
6.250000e-02 5.937500e-01
6.250000e-02 6.015625e-01
6.250000e-02 6.093750e-01
6.250000e-02 6.171875e-01
6.250000e-02 6.250000e-01
6.250000e-02 6.328125e-01
6.250000e-02 6.406250e-01
6.250000e-02 6.484375e-01
6.250000e-02 6.562500e-01
6.250000e-02 6.640625e-01
6.250000e-02 6.718750e-01
6.250000e-02 6.796875e-01
6.250000e-02 6.875000e-01
6.250000e-02 6.953125e-01
6.250000e-02 7.031250e-01
6.250000e-02 7.109375e-01
6.250000e-02 7.187500e-01
6.250000e-02 7.265625e-01
6.250000e-02 7.343750e-01
6.250000e-02 7.421875e-01
6.250000e-02 7.500000e-01
7.031250e-02 5.000000e-01
7.031250e-02 5.078125e-01
7.031250e-02 5.156250e-01
7.031250e-02 5.234375e-01
7.031250e-02 5.312500e-01
7.031250e-02 5.390625e-01
7.031250e-02 5.468750e-01
7.031250e-02 5.546875e-01
7.031250e-02 5.625000e-01
7.031250e-02 5.703125e-01
7.031250e-02 5.781250e-01
7.031250e-02 5.859375e-01
7.031250e-02 5.937500e-01
7.031250e-02 6.015625e-01
7.031250e-02 6.093750e-01
7.031250e-02 6.171875e-01
7.031250e-02 6.250000e-01
7.031250e-02 6.328125e-01
7.031250e-02 6.406250e-01
7.031250e-02 6.484375e-01
7.031250e-02 6.562500e-01
7.031250e-02 6.640625e-01
7.031250e-02 6.718750e-01
7.031250e-02 6.796875e-01
7.031250e-02 6.875000e-01
7.031250e-02 6.953125e-01
7.031250e-02 7.031250e-01
7.031250e-02 7.109375e-01
7.031250e-02 7.187500e-01
7.031250e-02 7.265625e-01
7.031250e-02 7.343750e-01
7.031250e-02 7.421875e-01
7.031250e-02 7.500000e-01
7.812500e-02 5.000000e-01
7.812500e-02 5.078125e-01
7.812500e-02 5.156250e-01
7.812500e-02 5.234375e-01
7.812500e-02 5.312500e-01
7.812500e-02 5.390625e-01
7.812500e-02 5.468750e-01
7.812500e-02 5.546875e-01
7.812500e-02 5.625000e-01
7.812500e-02 5.703125e-01
7.812500e-02 5.781250e-01
7.812500e-02 5.859375e-01
7.812500e-02 5.937500e-01
7.812500e-02 6.015625e-01
7.812500e-02 6.093750e-01
7.812500e-02 6.171875e-01
7.812500e-02 6.250000e-01
7.812500e-02 6.328125e-01
7.812500e-02 6.406250e-01
7.812500e-02 6.484375e-01
7.812500e-02 6.562500e-01
7.812500e-02 6.640625e-01
7.812500e-02 6.718750e-01
7.812500e-02 6.796875e-01
7.812500e-02 6.875000e-01
7.812500e-02 6.953125e-01
7.812500e-02 7.031250e-01
7.812500e-02 7.109375e-01
7.812500e-02 7.187500e-01
7.812500e-02 7.265625e-01
7.812500e-02 7.343750e-01
7.812500e-02 7.421875e-01
7.812500e-02 7.500000e-01
8.593750e-02 5.000000e-01
8.593750e-02 5.078125e-01
8.593750e-02 5.156250e-01
8.593750e-02 5.234375e-01
8.593750e-02 5.312500e-01
8.593750e-02 5.390625e-01
8.593750e-02 5.468750e-01
8.593750e-02 5.546875e-01
8.593750e-02 5.625000e-01
8.593750e-02 5.703125e-01
8.593750e-02 5.781250e-01
8.593750e-02 5.859375e-01
8.593750e-02 5.937500e-01
8.593750e-02 6.015625e-01
8.593750e-02 6.093750e-01
8.593750e-02 6.171875e-01
8.593750e-02 6.250000e-01
8.593750e-02 6.328125e-01
8.593750e-02 6.406250e-01
8.593750e-02 6.484375e-01
8.593750e-02 6.562500e-01
8.593750e-02 6.640625e-01
8.593750e-02 6.718750e-01
8.593750e-02 6.796875e-01
8.593750e-02 6.875000e-01
8.593750e-02 6.953125e-01
8.593750e-02 7.031250e-01
8.593750e-02 7.109375e-01
8.593750e-02 7.187500e-01
8.593750e-02 7.265625e-01
8.593750e-02 7.343750e-01
8.593750e-02 7.421875e-01
8.593750e-02 7.500000e-01
9.375000e-02 5.000000e-01
9.375000e-02 5.078125e-01
9.375000e-02 5.156250e-01
9.375000e-02 5.234375e-01
9.375000e-02 5.312500e-01
9.375000e-02 5.390625e-01
9.375000e-02 5.468750e-01
9.375000e-02 5.546875e-01
9.375000e-02 5.625000e-01
9.375000e-02 5.703125e-01
9.375000e-02 5.781250e-01
9.375000e-02 5.859375e-01
9.375000e-02 5.937500e-01
9.375000e-02 6.015625e-01
9.375000e-02 6.093750e-01
9.375000e-02 6.171875e-01
9.375000e-02 6.250000e-01
9.375000e-02 6.328125e-01
9.375000e-02 6.406250e-01
9.375000e-02 6.484375e-01
9.375000e-02 6.562500e-01
9.375000e-02 6.640625e-01
9.375000e-02 6.718750e-01
9.375000e-02 6.796875e-01
9.375000e-02 6.875000e-01
9.375000e-02 6.953125e-01
9.375000e-02 7.031250e-01
9.375000e-02 7.109375e-01
9.375000e-02 7.187500e-01
9.375000e-02 7.265625e-01
9.375000e-02 7.343750e-01
9.375000e-02 7.421875e-01
9.375000e-02 7.500000e-01
1.015625e-01 5.000000e-01
1.015625e-01 5.078125e-01
1.015625e-01 5.156250e-01
1.015625e-01 5.234375e-01
1.015625e-01 5.312500e-01
1.015625e-01 5.390625e-01
1.015625e-01 5.468750e-01
1.015625e-01 5.546875e-01
1.015625e-01 5.625000e-01
1.015625e-01 5.703125e-01
1.015625e-01 5.781250e-01
1.015625e-01 5.859375e-01
1.015625e-01 5.937500e-01
1.015625e-01 6.015625e-01
1.015625e-01 6.093750e-01
1.015625e-01 6.171875e-01
1.015625e-01 6.250000e-01
1.015625e-01 6.328125e-01
1.015625e-01 6.406250e-01
1.015625e-01 6.484375e-01
1.015625e-01 6.562500e-01
1.015625e-01 6.640625e-01
1.015625e-01 6.718750e-01
1.015625e-01 6.796875e-01
1.015625e-01 6.875000e-01
1.015625e-01 6.953125e-01
1.015625e-01 7.031250e-01
1.015625e-01 7.109375e-01
1.015625e-01 7.187500e-01
1.015625e-01 7.265625e-01
1.015625e-01 7.343750e-01
1.015625e-01 7.421875e-01
1.015625e-01 7.500000e-01
1.093750e-01 5.000000e-01
1.093750e-01 5.078125e-01
1.093750e-01 5.156250e-01
1.093750e-01 5.234375e-01
1.093750e-01 5.312500e-01
1.093750e-01 5.390625e-01
1.093750e-01 5.468750e-01
1.093750e-01 5.546875e-01
1.093750e-01 5.625000e-01
1.093750e-01 5.703125e-01
1.093750e-01 5.781250e-01
1.093750e-01 5.859375e-01
1.093750e-01 5.937500e-01
1.093750e-01 6.015625e-01
1.093750e-01 6.093750e-01
1.093750e-01 6.171875e-01
1.093750e-01 6.250000e-01
1.093750e-01 6.328125e-01
1.093750e-01 6.406250e-01
1.093750e-01 6.484375e-01
1.093750e-01 6.562500e-01
1.093750e-01 6.640625e-01
1.093750e-01 6.718750e-01
1.093750e-01 6.796875e-01
1.093750e-01 6.875000e-01
1.093750e-01 6.953125e-01
1.093750e-01 7.031250e-01
1.093750e-01 7.109375e-01
1.093750e-01 7.187500e-01
1.093750e-01 7.265625e-01
1.093750e-01 7.343750e-01
1.093750e-01 7.421875e-01
1.093750e-01 7.500000e-01
1.171875e-01 5.000000e-01
1.171875e-01 5.078125e-01
1.171875e-01 5.156250e-01
1.171875e-01 5.234375e-01
1.171875e-01 5.312500e-01
1.171875e-01 5.390625e-01
1.171875e-01 5.468750e-01
1.171875e-01 5.546875e-01
1.171875e-01 5.625000e-01
1.171875e-01 5.703125e-01
1.171875e-01 5.781250e-01
1.171875e-01 5.859375e-01
1.171875e-01 5.937500e-01
1.171875e-01 6.015625e-01
1.171875e-01 6.093750e-01
1.171875e-01 6.171875e-01
1.171875e-01 6.250000e-01
1.171875e-01 6.328125e-01
1.171875e-01 6.406250e-01
1.171875e-01 6.484375e-01
1.171875e-01 6.562500e-01
1.171875e-01 6.640625e-01
1.171875e-01 6.718750e-01
1.171875e-01 6.796875e-01
1.171875e-01 6.875000e-01
1.171875e-01 6.953125e-01
1.171875e-01 7.031250e-01
1.171875e-01 7.109375e-01
1.171875e-01 7.187500e-01
1.171875e-01 7.265625e-01
1.171875e-01 7.343750e-01
1.171875e-01 7.421875e-01
1.171875e-01 7.500000e-01
1.250000e-01 5.000000e-01
1.250000e-01 5.078125e-01
1.250000e-01 5.156250e-01
1.250000e-01 5.234375e-01
1.250000e-01 5.312500e-01
1.250000e-01 5.390625e-01
1.250000e-01 5.468750e-01
1.250000e-01 5.546875e-01
1.250000e-01 5.625000e-01
1.250000e-01 5.703125e-01
1.250000e-01 5.781250e-01
1.250000e-01 5.859375e-01
1.250000e-01 5.937500e-01
1.250000e-01 6.015625e-01
1.250000e-01 6.093750e-01
1.250000e-01 6.171875e-01
1.250000e-01 6.250000e-01
1.250000e-01 6.328125e-01
1.250000e-01 6.406250e-01
1.250000e-01 6.484375e-01
1.250000e-01 6.562500e-01
1.250000e-01 6.640625e-01
1.250000e-01 6.718750e-01
1.250000e-01 6.796875e-01
1.250000e-01 6.875000e-01
1.250000e-01 6.953125e-01
1.250000e-01 7.031250e-01
1.250000e-01 7.109375e-01
1.250000e-01 7.187500e-01
1.250000e-01 7.265625e-01
1.250000e-01 7.343750e-01
1.250000e-01 7.421875e-01
1.250000e-01 7.500000e-01
1.328125e-01 5.000000e-01
1.328125e-01 5.078125e-01
1.328125e-01 5.156250e-01
1.328125e-01 5.234375e-01
1.328125e-01 5.312500e-01
1.328125e-01 5.390625e-01
1.328125e-01 5.468750e-01
1.328125e-01 5.546875e-01
1.328125e-01 5.625000e-01
1.328125e-01 5.703125e-01
1.328125e-01 5.781250e-01
1.328125e-01 5.859375e-01
1.328125e-01 5.937500e-01
1.328125e-01 6.015625e-01
1.328125e-01 6.093750e-01
1.328125e-01 6.171875e-01
1.328125e-01 6.250000e-01
1.328125e-01 6.328125e-01
1.328125e-01 6.406250e-01
1.328125e-01 6.484375e-01
1.328125e-01 6.562500e-01
1.328125e-01 6.640625e-01
1.328125e-01 6.718750e-01
1.328125e-01 6.796875e-01
1.328125e-01 6.875000e-01
1.328125e-01 6.953125e-01
1.328125e-01 7.031250e-01
1.328125e-01 7.109375e-01
1.328125e-01 7.187500e-01
1.328125e-01 7.265625e-01
1.328125e-01 7.343750e-01
1.328125e-01 7.421875e-01
1.328125e-01 7.500000e-01
1.406250e-01 5.000000e-01
1.406250e-01 5.078125e-01
1.406250e-01 5.156250e-01
1.406250e-01 5.234375e-01
1.406250e-01 5.312500e-01
1.406250e-01 5.390625e-01
1.406250e-01 5.468750e-01
1.406250e-01 5.546875e-01
1.406250e-01 5.625000e-01
1.406250e-01 5.703125e-01
1.406250e-01 5.781250e-01
1.406250e-01 5.859375e-01
1.406250e-01 5.937500e-01
1.406250e-01 6.015625e-01
1.406250e-01 6.093750e-01
1.406250e-01 6.171875e-01
1.406250e-01 6.250000e-01
1.406250e-01 6.328125e-01
1.406250e-01 6.406250e-01
1.406250e-01 6.484375e-01
1.406250e-01 6.562500e-01
1.406250e-01 6.640625e-01
1.406250e-01 6.718750e-01
1.406250e-01 6.796875e-01
1.406250e-01 6.875000e-01
1.406250e-01 6.953125e-01
1.406250e-01 7.031250e-01
1.406250e-01 7.109375e-01
1.406250e-01 7.187500e-01
1.406250e-01 7.265625e-01
1.406250e-01 7.343750e-01
1.406250e-01 7.421875e-01
1.406250e-01 7.500000e-01
1.484375e-01 5.000000e-01
1.484375e-01 5.078125e-01
1.484375e-01 5.156250e-01
1.484375e-01 5.234375e-01
1.484375e-01 5.312500e-01
1.484375e-01 5.390625e-01
1.484375e-01 5.468750e-01
1.484375e-01 5.546875e-01
1.484375e-01 5.625000e-01
1.484375e-01 5.703125e-01
1.484375e-01 5.781250e-01
1.484375e-01 5.859375e-01
1.484375e-01 5.937500e-01
1.484375e-01 6.015625e-01
1.484375e-01 6.093750e-01
1.484375e-01 6.171875e-01
1.484375e-01 6.250000e-01
1.484375e-01 6.328125e-01
1.484375e-01 6.406250e-01
1.484375e-01 6.484375e-01
1.484375e-01 6.562500e-01
1.484375e-01 6.640625e-01
1.484375e-01 6.718750e-01
1.484375e-01 6.796875e-01
1.484375e-01 6.875000e-01
1.484375e-01 6.953125e-01
1.484375e-01 7.031250e-01
1.484375e-01 7.109375e-01
1.484375e-01 7.187500e-01
1.484375e-01 7.265625e-01
1.484375e-01 7.343750e-01
1.484375e-01 7.421875e-01
1.484375e-01 7.500000e-01
1.562500e-01 5.000000e-01
1.562500e-01 5.078125e-01
1.562500e-01 5.156250e-01
1.562500e-01 5.234375e-01
1.562500e-01 5.312500e-01
1.562500e-01 5.390625e-01
1.562500e-01 5.468750e-01
1.562500e-01 5.546875e-01
1.562500e-01 5.625000e-01
1.562500e-01 5.703125e-01
1.562500e-01 5.781250e-01
1.562500e-01 5.859375e-01
1.562500e-01 5.937500e-01
1.562500e-01 6.015625e-01
1.562500e-01 6.093750e-01
1.562500e-01 6.171875e-01
1.562500e-01 6.250000e-01
1.562500e-01 6.328125e-01
1.562500e-01 6.406250e-01
1.562500e-01 6.484375e-01
1.562500e-01 6.562500e-01
1.562500e-01 6.640625e-01
1.562500e-01 6.718750e-01
1.562500e-01 6.796875e-01
1.562500e-01 6.875000e-01
1.562500e-01 6.953125e-01
1.562500e-01 7.031250e-01
1.562500e-01 7.109375e-01
1.562500e-01 7.187500e-01
1.562500e-01 7.265625e-01
1.562500e-01 7.343750e-01
1.562500e-01 7.421875e-01
1.562500e-01 7.500000e-01
1.640625e-01 5.000000e-01
1.640625e-01 5.078125e-01
1.640625e-01 5.156250e-01
1.640625e-01 5.234375e-01
1.640625e-01 5.312500e-01
1.640625e-01 5.390625e-01
1.640625e-01 5.468750e-01
1.640625e-01 5.546875e-01
1.640625e-01 5.625000e-01
1.640625e-01 5.703125e-01
1.640625e-01 5.781250e-01
1.640625e-01 5.859375e-01
1.640625e-01 5.937500e-01
1.640625e-01 6.015625e-01
1.640625e-01 6.093750e-01
1.640625e-01 6.171875e-01
1.640625e-01 6.250000e-01
1.640625e-01 6.328125e-01
1.640625e-01 6.406250e-01
1.640625e-01 6.484375e-01
1.640625e-01 6.562500e-01
1.640625e-01 6.640625e-01
1.640625e-01 6.718750e-01
1.640625e-01 6.796875e-01
1.640625e-01 6.875000e-01
1.640625e-01 6.953125e-01
1.640625e-01 7.031250e-01
1.640625e-01 7.109375e-01
1.640625e-01 7.187500e-01
1.640625e-01 7.265625e-01
1.640625e-01 7.343750e-01
1.640625e-01 7.421875e-01
1.640625e-01 7.500000e-01
1.718750e-01 5.000000e-01
1.718750e-01 5.078125e-01
1.718750e-01 5.156250e-01
1.718750e-01 5.234375e-01
1.718750e-01 5.312500e-01
1.718750e-01 5.390625e-01
1.718750e-01 5.468750e-01
1.718750e-01 5.546875e-01
1.718750e-01 5.625000e-01
1.718750e-01 5.703125e-01
1.718750e-01 5.781250e-01
1.718750e-01 5.859375e-01
1.718750e-01 5.937500e-01
1.718750e-01 6.015625e-01
1.718750e-01 6.093750e-01
1.718750e-01 6.171875e-01
1.718750e-01 6.250000e-01
1.718750e-01 6.328125e-01
1.718750e-01 6.406250e-01
1.718750e-01 6.484375e-01
1.718750e-01 6.562500e-01
1.718750e-01 6.640625e-01
1.718750e-01 6.718750e-01
1.718750e-01 6.796875e-01
1.718750e-01 6.875000e-01
1.718750e-01 6.953125e-01
1.718750e-01 7.031250e-01
1.718750e-01 7.109375e-01
1.718750e-01 7.187500e-01
1.718750e-01 7.265625e-01
1.718750e-01 7.343750e-01
1.718750e-01 7.421875e-01
1.718750e-01 7.500000e-01
1.796875e-01 5.000000e-01
1.796875e-01 5.078125e-01
1.796875e-01 5.156250e-01
1.796875e-01 5.234375e-01
1.796875e-01 5.312500e-01
1.796875e-01 5.390625e-01
1.796875e-01 5.468750e-01
1.796875e-01 5.546875e-01
1.796875e-01 5.625000e-01
1.796875e-01 5.703125e-01
1.796875e-01 5.781250e-01
1.796875e-01 5.859375e-01
1.796875e-01 5.937500e-01
1.796875e-01 6.015625e-01
1.796875e-01 6.093750e-01
1.796875e-01 6.171875e-01
1.796875e-01 6.250000e-01
1.796875e-01 6.328125e-01
1.796875e-01 6.406250e-01
1.796875e-01 6.484375e-01
1.796875e-01 6.562500e-01
1.796875e-01 6.640625e-01
1.796875e-01 6.718750e-01
1.796875e-01 6.796875e-01
1.796875e-01 6.875000e-01
1.796875e-01 6.953125e-01
1.796875e-01 7.031250e-01
1.796875e-01 7.109375e-01
1.796875e-01 7.187500e-01
1.796875e-01 7.265625e-01
1.796875e-01 7.343750e-01
1.796875e-01 7.421875e-01
1.796875e-01 7.500000e-01
1.875000e-01 5.000000e-01
1.875000e-01 5.078125e-01
1.875000e-01 5.156250e-01
1.875000e-01 5.234375e-01
1.875000e-01 5.312500e-01
1.875000e-01 5.390625e-01
1.875000e-01 5.468750e-01
1.875000e-01 5.546875e-01
1.875000e-01 5.625000e-01
1.875000e-01 5.703125e-01
1.875000e-01 5.781250e-01
1.875000e-01 5.859375e-01
1.875000e-01 5.937500e-01
1.875000e-01 6.015625e-01
1.875000e-01 6.093750e-01
1.875000e-01 6.171875e-01
1.875000e-01 6.250000e-01
1.875000e-01 6.328125e-01
1.875000e-01 6.406250e-01
1.875000e-01 6.484375e-01
1.875000e-01 6.562500e-01
1.875000e-01 6.640625e-01
1.875000e-01 6.718750e-01
1.875000e-01 6.796875e-01
1.875000e-01 6.875000e-01
1.875000e-01 6.953125e-01
1.875000e-01 7.031250e-01
1.875000e-01 7.109375e-01
1.875000e-01 7.187500e-01
1.875000e-01 7.265625e-01
1.875000e-01 7.343750e-01
1.875000e-01 7.421875e-01
1.875000e-01 7.500000e-01
1.953125e-01 5.000000e-01
1.953125e-01 5.078125e-01
1.953125e-01 5.156250e-01
1.953125e-01 5.234375e-01
1.953125e-01 5.312500e-01
1.953125e-01 5.390625e-01
1.953125e-01 5.468750e-01
1.953125e-01 5.546875e-01
1.953125e-01 5.625000e-01
1.953125e-01 5.703125e-01
1.953125e-01 5.781250e-01
1.953125e-01 5.859375e-01
1.953125e-01 5.937500e-01
1.953125e-01 6.015625e-01
1.953125e-01 6.093750e-01
1.953125e-01 6.171875e-01
1.953125e-01 6.250000e-01
1.953125e-01 6.328125e-01
1.953125e-01 6.406250e-01
1.953125e-01 6.484375e-01
1.953125e-01 6.562500e-01
1.953125e-01 6.640625e-01
1.953125e-01 6.718750e-01
1.953125e-01 6.796875e-01
1.953125e-01 6.875000e-01
1.953125e-01 6.953125e-01
1.953125e-01 7.031250e-01
1.953125e-01 7.109375e-01
1.953125e-01 7.187500e-01
1.953125e-01 7.265625e-01
1.953125e-01 7.343750e-01
1.953125e-01 7.421875e-01
1.953125e-01 7.500000e-01
2.031250e-01 5.000000e-01
2.031250e-01 5.078125e-01
2.031250e-01 5.156250e-01
2.031250e-01 5.234375e-01
2.031250e-01 5.312500e-01
2.031250e-01 5.390625e-01
2.031250e-01 5.468750e-01
2.031250e-01 5.546875e-01
2.031250e-01 5.625000e-01
2.031250e-01 5.703125e-01
2.031250e-01 5.781250e-01
2.031250e-01 5.859375e-01
2.031250e-01 5.937500e-01
2.031250e-01 6.015625e-01
2.031250e-01 6.093750e-01
2.031250e-01 6.171875e-01
2.031250e-01 6.250000e-01
2.031250e-01 6.328125e-01
2.031250e-01 6.406250e-01
2.031250e-01 6.484375e-01
2.031250e-01 6.562500e-01
2.031250e-01 6.640625e-01
2.031250e-01 6.718750e-01
2.031250e-01 6.796875e-01
2.031250e-01 6.875000e-01
2.031250e-01 6.953125e-01
2.031250e-01 7.031250e-01
2.031250e-01 7.109375e-01
2.031250e-01 7.187500e-01
2.031250e-01 7.265625e-01
2.031250e-01 7.343750e-01
2.031250e-01 7.421875e-01
2.031250e-01 7.500000e-01
2.109375e-01 5.000000e-01
2.109375e-01 5.078125e-01
2.109375e-01 5.156250e-01
2.109375e-01 5.234375e-01
2.109375e-01 5.312500e-01
2.109375e-01 5.390625e-01
2.109375e-01 5.468750e-01
2.109375e-01 5.546875e-01
2.109375e-01 5.625000e-01
2.109375e-01 5.703125e-01
2.109375e-01 5.781250e-01
2.109375e-01 5.859375e-01
2.109375e-01 5.937500e-01
2.109375e-01 6.015625e-01
2.109375e-01 6.093750e-01
2.109375e-01 6.171875e-01
2.109375e-01 6.250000e-01
2.109375e-01 6.328125e-01
2.109375e-01 6.406250e-01
2.109375e-01 6.484375e-01
2.109375e-01 6.562500e-01
2.109375e-01 6.640625e-01
2.109375e-01 6.718750e-01
2.109375e-01 6.796875e-01
2.109375e-01 6.875000e-01
2.109375e-01 6.953125e-01
2.109375e-01 7.031250e-01
2.109375e-01 7.109375e-01
2.109375e-01 7.187500e-01
2.109375e-01 7.265625e-01
2.109375e-01 7.343750e-01
2.109375e-01 7.421875e-01
2.109375e-01 7.500000e-01
2.187500e-01 5.000000e-01
2.187500e-01 5.078125e-01
2.187500e-01 5.156250e-01
2.187500e-01 5.234375e-01
2.187500e-01 5.312500e-01
2.187500e-01 5.390625e-01
2.187500e-01 5.468750e-01
2.187500e-01 5.546875e-01
2.187500e-01 5.625000e-01
2.187500e-01 5.703125e-01
2.187500e-01 5.781250e-01
2.187500e-01 5.859375e-01
2.187500e-01 5.937500e-01
2.187500e-01 6.015625e-01
2.187500e-01 6.093750e-01
2.187500e-01 6.171875e-01
2.187500e-01 6.250000e-01
2.187500e-01 6.328125e-01
2.187500e-01 6.406250e-01
2.187500e-01 6.484375e-01
2.187500e-01 6.562500e-01
2.187500e-01 6.640625e-01
2.187500e-01 6.718750e-01
2.187500e-01 6.796875e-01
2.187500e-01 6.875000e-01
2.187500e-01 6.953125e-01
2.187500e-01 7.031250e-01
2.187500e-01 7.109375e-01
2.187500e-01 7.187500e-01
2.187500e-01 7.265625e-01
2.187500e-01 7.343750e-01
2.187500e-01 7.421875e-01
2.187500e-01 7.500000e-01
2.265625e-01 5.000000e-01
2.265625e-01 5.078125e-01
2.265625e-01 5.156250e-01
2.265625e-01 5.234375e-01
2.265625e-01 5.312500e-01
2.265625e-01 5.390625e-01
2.265625e-01 5.468750e-01
2.265625e-01 5.546875e-01
2.265625e-01 5.625000e-01
2.265625e-01 5.703125e-01
2.265625e-01 5.781250e-01
2.265625e-01 5.859375e-01
2.265625e-01 5.937500e-01
2.265625e-01 6.015625e-01
2.265625e-01 6.093750e-01
2.265625e-01 6.171875e-01
2.265625e-01 6.250000e-01
2.265625e-01 6.328125e-01
2.265625e-01 6.406250e-01
2.265625e-01 6.484375e-01
2.265625e-01 6.562500e-01
2.265625e-01 6.640625e-01
2.265625e-01 6.718750e-01
2.265625e-01 6.796875e-01
2.265625e-01 6.875000e-01
2.265625e-01 6.953125e-01
2.265625e-01 7.031250e-01
2.265625e-01 7.109375e-01
2.265625e-01 7.187500e-01
2.265625e-01 7.265625e-01
2.265625e-01 7.343750e-01
2.265625e-01 7.421875e-01
2.265625e-01 7.500000e-01
2.343750e-01 5.000000e-01
2.343750e-01 5.078125e-01
2.343750e-01 5.156250e-01
2.343750e-01 5.234375e-01
2.343750e-01 5.312500e-01
2.343750e-01 5.390625e-01
2.343750e-01 5.468750e-01
2.343750e-01 5.546875e-01
2.343750e-01 5.625000e-01
2.343750e-01 5.703125e-01
2.343750e-01 5.781250e-01
2.343750e-01 5.859375e-01
2.343750e-01 5.937500e-01
2.343750e-01 6.015625e-01
2.343750e-01 6.093750e-01
2.343750e-01 6.171875e-01
2.343750e-01 6.250000e-01
2.343750e-01 6.328125e-01
2.343750e-01 6.406250e-01
2.343750e-01 6.484375e-01
2.343750e-01 6.562500e-01
2.343750e-01 6.640625e-01
2.343750e-01 6.718750e-01
2.343750e-01 6.796875e-01
2.343750e-01 6.875000e-01
2.343750e-01 6.953125e-01
2.343750e-01 7.031250e-01
2.343750e-01 7.109375e-01
2.343750e-01 7.187500e-01
2.343750e-01 7.265625e-01
2.343750e-01 7.343750e-01
2.343750e-01 7.421875e-01
2.343750e-01 7.500000e-01
2.421875e-01 5.000000e-01
2.421875e-01 5.078125e-01
2.421875e-01 5.156250e-01
2.421875e-01 5.234375e-01
2.421875e-01 5.312500e-01
2.421875e-01 5.390625e-01
2.421875e-01 5.468750e-01
2.421875e-01 5.546875e-01
2.421875e-01 5.625000e-01
2.421875e-01 5.703125e-01
2.421875e-01 5.781250e-01
2.421875e-01 5.859375e-01
2.421875e-01 5.937500e-01
2.421875e-01 6.015625e-01
2.421875e-01 6.093750e-01
2.421875e-01 6.171875e-01
2.421875e-01 6.250000e-01
2.421875e-01 6.328125e-01
2.421875e-01 6.406250e-01
2.421875e-01 6.484375e-01
2.421875e-01 6.562500e-01
2.421875e-01 6.640625e-01
2.421875e-01 6.718750e-01
2.421875e-01 6.796875e-01
2.421875e-01 6.875000e-01
2.421875e-01 6.953125e-01
2.421875e-01 7.031250e-01
2.421875e-01 7.109375e-01
2.421875e-01 7.187500e-01
2.421875e-01 7.265625e-01
2.421875e-01 7.343750e-01
2.421875e-01 7.421875e-01
2.421875e-01 7.500000e-01
2.500000e-01 5.000000e-01
2.500000e-01 5.078125e-01
2.500000e-01 5.156250e-01
2.500000e-01 5.234375e-01
2.500000e-01 5.312500e-01
2.500000e-01 5.390625e-01
2.500000e-01 5.468750e-01
2.500000e-01 5.546875e-01
2.500000e-01 5.625000e-01
2.500000e-01 5.703125e-01
2.500000e-01 5.781250e-01
2.500000e-01 5.859375e-01
2.500000e-01 5.937500e-01
2.500000e-01 6.015625e-01
2.500000e-01 6.093750e-01
2.500000e-01 6.171875e-01
2.500000e-01 6.250000e-01
2.500000e-01 6.328125e-01
2.500000e-01 6.406250e-01
2.500000e-01 6.484375e-01
2.500000e-01 6.562500e-01
2.500000e-01 6.640625e-01
2.500000e-01 6.718750e-01
2.500000e-01 6.796875e-01
2.500000e-01 6.875000e-01
2.500000e-01 6.953125e-01
2.500000e-01 7.031250e-01
2.500000e-01 7.109375e-01
2.500000e-01 7.187500e-01
2.500000e-01 7.265625e-01
2.500000e-01 7.343750e-01
2.500000e-01 7.421875e-01
2.500000e-01 7.500000e-01
