7.500000e-01 7.500000e-01
7.500000e-01 7.578125e-01
7.500000e-01 7.656250e-01
7.500000e-01 7.734375e-01
7.500000e-01 7.812500e-01
7.500000e-01 7.890625e-01
7.500000e-01 7.968750e-01
7.500000e-01 8.046875e-01
7.500000e-01 8.125000e-01
7.500000e-01 8.203125e-01
7.500000e-01 8.281250e-01
7.500000e-01 8.359375e-01
7.500000e-01 8.437500e-01
7.500000e-01 8.515625e-01
7.500000e-01 8.593750e-01
7.500000e-01 8.671875e-01
7.500000e-01 8.750000e-01
7.500000e-01 8.828125e-01
7.500000e-01 8.906250e-01
7.500000e-01 8.984375e-01
7.500000e-01 9.062500e-01
7.500000e-01 9.140625e-01
7.500000e-01 9.218750e-01
7.500000e-01 9.296875e-01
7.500000e-01 9.375000e-01
7.500000e-01 9.453125e-01
7.500000e-01 9.531250e-01
7.500000e-01 9.609375e-01
7.500000e-01 9.687500e-01
7.500000e-01 9.765625e-01
7.500000e-01 9.843750e-01
7.500000e-01 9.921875e-01
7.500000e-01 1.000000e+00
7.578125e-01 7.500000e-01
7.578125e-01 7.578125e-01
7.578125e-01 7.656250e-01
7.578125e-01 7.734375e-01
7.578125e-01 7.812500e-01
7.578125e-01 7.890625e-01
7.578125e-01 7.968750e-01
7.578125e-01 8.046875e-01
7.578125e-01 8.125000e-01
7.578125e-01 8.203125e-01
7.578125e-01 8.281250e-01
7.578125e-01 8.359375e-01
7.578125e-01 8.437500e-01
7.578125e-01 8.515625e-01
7.578125e-01 8.593750e-01
7.578125e-01 8.671875e-01
7.578125e-01 8.750000e-01
7.578125e-01 8.828125e-01
7.578125e-01 8.906250e-01
7.578125e-01 8.984375e-01
7.578125e-01 9.062500e-01
7.578125e-01 9.140625e-01
7.578125e-01 9.218750e-01
7.578125e-01 9.296875e-01
7.578125e-01 9.375000e-01
7.578125e-01 9.453125e-01
7.578125e-01 9.531250e-01
7.578125e-01 9.609375e-01
7.578125e-01 9.687500e-01
7.578125e-01 9.765625e-01
7.578125e-01 9.843750e-01
7.578125e-01 9.921875e-01
7.578125e-01 1.000000e+00
7.656250e-01 7.500000e-01
7.656250e-01 7.578125e-01
7.656250e-01 7.656250e-01
7.656250e-01 7.734375e-01
7.656250e-01 7.812500e-01
7.656250e-01 7.890625e-01
7.656250e-01 7.968750e-01
7.656250e-01 8.046875e-01
7.656250e-01 8.125000e-01
7.656250e-01 8.203125e-01
7.656250e-01 8.281250e-01
7.656250e-01 8.359375e-01
7.656250e-01 8.437500e-01
7.656250e-01 8.515625e-01
7.656250e-01 8.593750e-01
7.656250e-01 8.671875e-01
7.656250e-01 8.750000e-01
7.656250e-01 8.828125e-01
7.656250e-01 8.906250e-01
7.656250e-01 8.984375e-01
7.656250e-01 9.062500e-01
7.656250e-01 9.140625e-01
7.656250e-01 9.218750e-01
7.656250e-01 9.296875e-01
7.656250e-01 9.375000e-01
7.656250e-01 9.453125e-01
7.656250e-01 9.531250e-01
7.656250e-01 9.609375e-01
7.656250e-01 9.687500e-01
7.656250e-01 9.765625e-01
7.656250e-01 9.843750e-01
7.656250e-01 9.921875e-01
7.656250e-01 1.000000e+00
7.734375e-01 7.500000e-01
7.734375e-01 7.578125e-01
7.734375e-01 7.656250e-01
7.734375e-01 7.734375e-01
7.734375e-01 7.812500e-01
7.734375e-01 7.890625e-01
7.734375e-01 7.968750e-01
7.734375e-01 8.046875e-01
7.734375e-01 8.125000e-01
7.734375e-01 8.203125e-01
7.734375e-01 8.281250e-01
7.734375e-01 8.359375e-01
7.734375e-01 8.437500e-01
7.734375e-01 8.515625e-01
7.734375e-01 8.593750e-01
7.734375e-01 8.671875e-01
7.734375e-01 8.750000e-01
7.734375e-01 8.828125e-01
7.734375e-01 8.906250e-01
7.734375e-01 8.984375e-01
7.734375e-01 9.062500e-01
7.734375e-01 9.140625e-01
7.734375e-01 9.218750e-01
7.734375e-01 9.296875e-01
7.734375e-01 9.375000e-01
7.734375e-01 9.453125e-01
7.734375e-01 9.531250e-01
7.734375e-01 9.609375e-01
7.734375e-01 9.687500e-01
7.734375e-01 9.765625e-01
7.734375e-01 9.843750e-01
7.734375e-01 9.921875e-01
7.734375e-01 1.000000e+00
7.812500e-01 7.500000e-01
7.812500e-01 7.578125e-01
7.812500e-01 7.656250e-01
7.812500e-01 7.734375e-01
7.812500e-01 7.812500e-01
7.812500e-01 7.890625e-01
7.812500e-01 7.968750e-01
7.812500e-01 8.046875e-01
7.812500e-01 8.125000e-01
7.812500e-01 8.203125e-01
7.812500e-01 8.281250e-01
7.812500e-01 8.359375e-01
7.812500e-01 8.437500e-01
7.812500e-01 8.515625e-01
7.812500e-01 8.593750e-01
7.812500e-01 8.671875e-01
7.812500e-01 8.750000e-01
7.812500e-01 8.828125e-01
7.812500e-01 8.906250e-01
7.812500e-01 8.984375e-01
7.812500e-01 9.062500e-01
7.812500e-01 9.140625e-01
7.812500e-01 9.218750e-01
7.812500e-01 9.296875e-01
7.812500e-01 9.375000e-01
7.812500e-01 9.453125e-01
7.812500e-01 9.531250e-01
7.812500e-01 9.609375e-01
7.812500e-01 9.687500e-01
7.812500e-01 9.765625e-01
7.812500e-01 9.843750e-01
7.812500e-01 9.921875e-01
7.812500e-01 1.000000e+00
7.890625e-01 7.500000e-01
7.890625e-01 7.578125e-01
7.890625e-01 7.656250e-01
7.890625e-01 7.734375e-01
7.890625e-01 7.812500e-01
7.890625e-01 7.890625e-01
7.890625e-01 7.968750e-01
7.890625e-01 8.046875e-01
7.890625e-01 8.125000e-01
7.890625e-01 8.203125e-01
7.890625e-01 8.281250e-01
7.890625e-01 8.359375e-01
7.890625e-01 8.437500e-01
7.890625e-01 8.515625e-01
7.890625e-01 8.593750e-01
7.890625e-01 8.671875e-01
7.890625e-01 8.750000e-01
7.890625e-01 8.828125e-01
7.890625e-01 8.906250e-01
7.890625e-01 8.984375e-01
7.890625e-01 9.062500e-01
7.890625e-01 9.140625e-01
7.890625e-01 9.218750e-01
7.890625e-01 9.296875e-01
7.890625e-01 9.375000e-01
7.890625e-01 9.453125e-01
7.890625e-01 9.531250e-01
7.890625e-01 9.609375e-01
7.890625e-01 9.687500e-01
7.890625e-01 9.765625e-01
7.890625e-01 9.843750e-01
7.890625e-01 9.921875e-01
7.890625e-01 1.000000e+00
7.968750e-01 7.500000e-01
7.968750e-01 7.578125e-01
7.968750e-01 7.656250e-01
7.968750e-01 7.734375e-01
7.968750e-01 7.812500e-01
7.968750e-01 7.890625e-01
7.968750e-01 7.968750e-01
7.968750e-01 8.046875e-01
7.968750e-01 8.125000e-01
7.968750e-01 8.203125e-01
7.968750e-01 8.281250e-01
7.968750e-01 8.359375e-01
7.968750e-01 8.437500e-01
7.968750e-01 8.515625e-01
7.968750e-01 8.593750e-01
7.968750e-01 8.671875e-01
7.968750e-01 8.750000e-01
7.968750e-01 8.828125e-01
7.968750e-01 8.906250e-01
7.968750e-01 8.984375e-01
7.968750e-01 9.062500e-01
7.968750e-01 9.140625e-01
7.968750e-01 9.218750e-01
7.968750e-01 9.296875e-01
7.968750e-01 9.375000e-01
7.968750e-01 9.453125e-01
7.968750e-01 9.531250e-01
7.968750e-01 9.609375e-01
7.968750e-01 9.687500e-01
7.968750e-01 9.765625e-01
7.968750e-01 9.843750e-01
7.968750e-01 9.921875e-01
7.968750e-01 1.000000e+00
8.046875e-01 7.500000e-01
8.046875e-01 7.578125e-01
8.046875e-01 7.656250e-01
8.046875e-01 7.734375e-01
8.046875e-01 7.812500e-01
8.046875e-01 7.890625e-01
8.046875e-01 7.968750e-01
8.046875e-01 8.046875e-01
8.046875e-01 8.125000e-01
8.046875e-01 8.203125e-01
8.046875e-01 8.281250e-01
8.046875e-01 8.359375e-01
8.046875e-01 8.437500e-01
8.046875e-01 8.515625e-01
8.046875e-01 8.593750e-01
8.046875e-01 8.671875e-01
8.046875e-01 8.750000e-01
8.046875e-01 8.828125e-01
8.046875e-01 8.906250e-01
8.046875e-01 8.984375e-01
8.046875e-01 9.062500e-01
8.046875e-01 9.140625e-01
8.046875e-01 9.218750e-01
8.046875e-01 9.296875e-01
8.046875e-01 9.375000e-01
8.046875e-01 9.453125e-01
8.046875e-01 9.531250e-01
8.046875e-01 9.609375e-01
8.046875e-01 9.687500e-01
8.046875e-01 9.765625e-01
8.046875e-01 9.843750e-01
8.046875e-01 9.921875e-01
8.046875e-01 1.000000e+00
8.125000e-01 7.500000e-01
8.125000e-01 7.578125e-01
8.125000e-01 7.656250e-01
8.125000e-01 7.734375e-01
8.125000e-01 7.812500e-01
8.125000e-01 7.890625e-01
8.125000e-01 7.968750e-01
8.125000e-01 8.046875e-01
8.125000e-01 8.125000e-01
8.125000e-01 8.203125e-01
8.125000e-01 8.281250e-01
8.125000e-01 8.359375e-01
8.125000e-01 8.437500e-01
8.125000e-01 8.515625e-01
8.125000e-01 8.593750e-01
8.125000e-01 8.671875e-01
8.125000e-01 8.750000e-01
8.125000e-01 8.828125e-01
8.125000e-01 8.906250e-01
8.125000e-01 8.984375e-01
8.125000e-01 9.062500e-01
8.125000e-01 9.140625e-01
8.125000e-01 9.218750e-01
8.125000e-01 9.296875e-01
8.125000e-01 9.375000e-01
8.125000e-01 9.453125e-01
8.125000e-01 9.531250e-01
8.125000e-01 9.609375e-01
8.125000e-01 9.687500e-01
8.125000e-01 9.765625e-01
8.125000e-01 9.843750e-01
8.125000e-01 9.921875e-01
8.125000e-01 1.000000e+00
8.203125e-01 7.500000e-01
8.203125e-01 7.578125e-01
8.203125e-01 7.656250e-01
8.203125e-01 7.734375e-01
8.203125e-01 7.812500e-01
8.203125e-01 7.890625e-01
8.203125e-01 7.968750e-01
8.203125e-01 8.046875e-01
8.203125e-01 8.125000e-01
8.203125e-01 8.203125e-01
8.203125e-01 8.281250e-01
8.203125e-01 8.359375e-01
8.203125e-01 8.437500e-01
8.203125e-01 8.515625e-01
8.203125e-01 8.593750e-01
8.203125e-01 8.671875e-01
8.203125e-01 8.750000e-01
8.203125e-01 8.828125e-01
8.203125e-01 8.906250e-01
8.203125e-01 8.984375e-01
8.203125e-01 9.062500e-01
8.203125e-01 9.140625e-01
8.203125e-01 9.218750e-01
8.203125e-01 9.296875e-01
8.203125e-01 9.375000e-01
8.203125e-01 9.453125e-01
8.203125e-01 9.531250e-01
8.203125e-01 9.609375e-01
8.203125e-01 9.687500e-01
8.203125e-01 9.765625e-01
8.203125e-01 9.843750e-01
8.203125e-01 9.921875e-01
8.203125e-01 1.000000e+00
8.281250e-01 7.500000e-01
8.281250e-01 7.578125e-01
8.281250e-01 7.656250e-01
8.281250e-01 7.734375e-01
8.281250e-01 7.812500e-01
8.281250e-01 7.890625e-01
8.281250e-01 7.968750e-01
8.281250e-01 8.046875e-01
8.281250e-01 8.125000e-01
8.281250e-01 8.203125e-01
8.281250e-01 8.281250e-01
8.281250e-01 8.359375e-01
8.281250e-01 8.437500e-01
8.281250e-01 8.515625e-01
8.281250e-01 8.593750e-01
8.281250e-01 8.671875e-01
8.281250e-01 8.750000e-01
8.281250e-01 8.828125e-01
8.281250e-01 8.906250e-01
8.281250e-01 8.984375e-01
8.281250e-01 9.062500e-01
8.281250e-01 9.140625e-01
8.281250e-01 9.218750e-01
8.281250e-01 9.296875e-01
8.281250e-01 9.375000e-01
8.281250e-01 9.453125e-01
8.281250e-01 9.531250e-01
8.281250e-01 9.609375e-01
8.281250e-01 9.687500e-01
8.281250e-01 9.765625e-01
8.281250e-01 9.843750e-01
8.281250e-01 9.921875e-01
8.281250e-01 1.000000e+00
8.359375e-01 7.500000e-01
8.359375e-01 7.578125e-01
8.359375e-01 7.656250e-01
8.359375e-01 7.734375e-01
8.359375e-01 7.812500e-01
8.359375e-01 7.890625e-01
8.359375e-01 7.968750e-01
8.359375e-01 8.046875e-01
8.359375e-01 8.125000e-01
8.359375e-01 8.203125e-01
8.359375e-01 8.281250e-01
8.359375e-01 8.359375e-01
8.359375e-01 8.437500e-01
8.359375e-01 8.515625e-01
8.359375e-01 8.593750e-01
8.359375e-01 8.671875e-01
8.359375e-01 8.750000e-01
8.359375e-01 8.828125e-01
8.359375e-01 8.906250e-01
8.359375e-01 8.984375e-01
8.359375e-01 9.062500e-01
8.359375e-01 9.140625e-01
8.359375e-01 9.218750e-01
8.359375e-01 9.296875e-01
8.359375e-01 9.375000e-01
8.359375e-01 9.453125e-01
8.359375e-01 9.531250e-01
8.359375e-01 9.609375e-01
8.359375e-01 9.687500e-01
8.359375e-01 9.765625e-01
8.359375e-01 9.843750e-01
8.359375e-01 9.921875e-01
8.359375e-01 1.000000e+00
8.437500e-01 7.500000e-01
8.437500e-01 7.578125e-01
8.437500e-01 7.656250e-01
8.437500e-01 7.734375e-01
8.437500e-01 7.812500e-01
8.437500e-01 7.890625e-01
8.437500e-01 7.968750e-01
8.437500e-01 8.046875e-01
8.437500e-01 8.125000e-01
8.437500e-01 8.203125e-01
8.437500e-01 8.281250e-01
8.437500e-01 8.359375e-01
8.437500e-01 8.437500e-01
8.437500e-01 8.515625e-01
8.437500e-01 8.593750e-01
8.437500e-01 8.671875e-01
8.437500e-01 8.750000e-01
8.437500e-01 8.828125e-01
8.437500e-01 8.906250e-01
8.437500e-01 8.984375e-01
8.437500e-01 9.062500e-01
8.437500e-01 9.140625e-01
8.437500e-01 9.218750e-01
8.437500e-01 9.296875e-01
8.437500e-01 9.375000e-01
8.437500e-01 9.453125e-01
8.437500e-01 9.531250e-01
8.437500e-01 9.609375e-01
8.437500e-01 9.687500e-01
8.437500e-01 9.765625e-01
8.437500e-01 9.843750e-01
8.437500e-01 9.921875e-01
8.437500e-01 1.000000e+00
8.515625e-01 7.500000e-01
8.515625e-01 7.578125e-01
8.515625e-01 7.656250e-01
8.515625e-01 7.734375e-01
8.515625e-01 7.812500e-01
8.515625e-01 7.890625e-01
8.515625e-01 7.968750e-01
8.515625e-01 8.046875e-01
8.515625e-01 8.125000e-01
8.515625e-01 8.203125e-01
8.515625e-01 8.281250e-01
8.515625e-01 8.359375e-01
8.515625e-01 8.437500e-01
8.515625e-01 8.515625e-01
8.515625e-01 8.593750e-01
8.515625e-01 8.671875e-01
8.515625e-01 8.750000e-01
8.515625e-01 8.828125e-01
8.515625e-01 8.906250e-01
8.515625e-01 8.984375e-01
8.515625e-01 9.062500e-01
8.515625e-01 9.140625e-01
8.515625e-01 9.218750e-01
8.515625e-01 9.296875e-01
8.515625e-01 9.375000e-01
8.515625e-01 9.453125e-01
8.515625e-01 9.531250e-01
8.515625e-01 9.609375e-01
8.515625e-01 9.687500e-01
8.515625e-01 9.765625e-01
8.515625e-01 9.843750e-01
8.515625e-01 9.921875e-01
8.515625e-01 1.000000e+00
8.593750e-01 7.500000e-01
8.593750e-01 7.578125e-01
8.593750e-01 7.656250e-01
8.593750e-01 7.734375e-01
8.593750e-01 7.812500e-01
8.593750e-01 7.890625e-01
8.593750e-01 7.968750e-01
8.593750e-01 8.046875e-01
8.593750e-01 8.125000e-01
8.593750e-01 8.203125e-01
8.593750e-01 8.281250e-01
8.593750e-01 8.359375e-01
8.593750e-01 8.437500e-01
8.593750e-01 8.515625e-01
8.593750e-01 8.593750e-01
8.593750e-01 8.671875e-01
8.593750e-01 8.750000e-01
8.593750e-01 8.828125e-01
8.593750e-01 8.906250e-01
8.593750e-01 8.984375e-01
8.593750e-01 9.062500e-01
8.593750e-01 9.140625e-01
8.593750e-01 9.218750e-01
8.593750e-01 9.296875e-01
8.593750e-01 9.375000e-01
8.593750e-01 9.453125e-01
8.593750e-01 9.531250e-01
8.593750e-01 9.609375e-01
8.593750e-01 9.687500e-01
8.593750e-01 9.765625e-01
8.593750e-01 9.843750e-01
8.593750e-01 9.921875e-01
8.593750e-01 1.000000e+00
8.671875e-01 7.500000e-01
8.671875e-01 7.578125e-01
8.671875e-01 7.656250e-01
8.671875e-01 7.734375e-01
8.671875e-01 7.812500e-01
8.671875e-01 7.890625e-01
8.671875e-01 7.968750e-01
8.671875e-01 8.046875e-01
8.671875e-01 8.125000e-01
8.671875e-01 8.203125e-01
8.671875e-01 8.281250e-01
8.671875e-01 8.359375e-01
8.671875e-01 8.437500e-01
8.671875e-01 8.515625e-01
8.671875e-01 8.593750e-01
8.671875e-01 8.671875e-01
8.671875e-01 8.750000e-01
8.671875e-01 8.828125e-01
8.671875e-01 8.906250e-01
8.671875e-01 8.984375e-01
8.671875e-01 9.062500e-01
8.671875e-01 9.140625e-01
8.671875e-01 9.218750e-01
8.671875e-01 9.296875e-01
8.671875e-01 9.375000e-01
8.671875e-01 9.453125e-01
8.671875e-01 9.531250e-01
8.671875e-01 9.609375e-01
8.671875e-01 9.687500e-01
8.671875e-01 9.765625e-01
8.671875e-01 9.843750e-01
8.671875e-01 9.921875e-01
8.671875e-01 1.000000e+00
8.750000e-01 7.500000e-01
8.750000e-01 7.578125e-01
8.750000e-01 7.656250e-01
8.750000e-01 7.734375e-01
8.750000e-01 7.812500e-01
8.750000e-01 7.890625e-01
8.750000e-01 7.968750e-01
8.750000e-01 8.046875e-01
8.750000e-01 8.125000e-01
8.750000e-01 8.203125e-01
8.750000e-01 8.281250e-01
8.750000e-01 8.359375e-01
8.750000e-01 8.437500e-01
8.750000e-01 8.515625e-01
8.750000e-01 8.593750e-01
8.750000e-01 8.671875e-01
8.750000e-01 8.750000e-01
8.750000e-01 8.828125e-01
8.750000e-01 8.906250e-01
8.750000e-01 8.984375e-01
8.750000e-01 9.062500e-01
8.750000e-01 9.140625e-01
8.750000e-01 9.218750e-01
8.750000e-01 9.296875e-01
8.750000e-01 9.375000e-01
8.750000e-01 9.453125e-01
8.750000e-01 9.531250e-01
8.750000e-01 9.609375e-01
8.750000e-01 9.687500e-01
8.750000e-01 9.765625e-01
8.750000e-01 9.843750e-01
8.750000e-01 9.921875e-01
8.750000e-01 1.000000e+00
8.828125e-01 7.500000e-01
8.828125e-01 7.578125e-01
8.828125e-01 7.656250e-01
8.828125e-01 7.734375e-01
8.828125e-01 7.812500e-01
8.828125e-01 7.890625e-01
8.828125e-01 7.968750e-01
8.828125e-01 8.046875e-01
8.828125e-01 8.125000e-01
8.828125e-01 8.203125e-01
8.828125e-01 8.281250e-01
8.828125e-01 8.359375e-01
8.828125e-01 8.437500e-01
8.828125e-01 8.515625e-01
8.828125e-01 8.593750e-01
8.828125e-01 8.671875e-01
8.828125e-01 8.750000e-01
8.828125e-01 8.828125e-01
8.828125e-01 8.906250e-01
8.828125e-01 8.984375e-01
8.828125e-01 9.062500e-01
8.828125e-01 9.140625e-01
8.828125e-01 9.218750e-01
8.828125e-01 9.296875e-01
8.828125e-01 9.375000e-01
8.828125e-01 9.453125e-01
8.828125e-01 9.531250e-01
8.828125e-01 9.609375e-01
8.828125e-01 9.687500e-01
8.828125e-01 9.765625e-01
8.828125e-01 9.843750e-01
8.828125e-01 9.921875e-01
8.828125e-01 1.000000e+00
8.906250e-01 7.500000e-01
8.906250e-01 7.578125e-01
8.906250e-01 7.656250e-01
8.906250e-01 7.734375e-01
8.906250e-01 7.812500e-01
8.906250e-01 7.890625e-01
8.906250e-01 7.968750e-01
8.906250e-01 8.046875e-01
8.906250e-01 8.125000e-01
8.906250e-01 8.203125e-01
8.906250e-01 8.281250e-01
8.906250e-01 8.359375e-01
8.906250e-01 8.437500e-01
8.906250e-01 8.515625e-01
8.906250e-01 8.593750e-01
8.906250e-01 8.671875e-01
8.906250e-01 8.750000e-01
8.906250e-01 8.828125e-01
8.906250e-01 8.906250e-01
8.906250e-01 8.984375e-01
8.906250e-01 9.062500e-01
8.906250e-01 9.140625e-01
8.906250e-01 9.218750e-01
8.906250e-01 9.296875e-01
8.906250e-01 9.375000e-01
8.906250e-01 9.453125e-01
8.906250e-01 9.531250e-01
8.906250e-01 9.609375e-01
8.906250e-01 9.687500e-01
8.906250e-01 9.765625e-01
8.906250e-01 9.843750e-01
8.906250e-01 9.921875e-01
8.906250e-01 1.000000e+00
8.984375e-01 7.500000e-01
8.984375e-01 7.578125e-01
8.984375e-01 7.656250e-01
8.984375e-01 7.734375e-01
8.984375e-01 7.812500e-01
8.984375e-01 7.890625e-01
8.984375e-01 7.968750e-01
8.984375e-01 8.046875e-01
8.984375e-01 8.125000e-01
8.984375e-01 8.203125e-01
8.984375e-01 8.281250e-01
8.984375e-01 8.359375e-01
8.984375e-01 8.437500e-01
8.984375e-01 8.515625e-01
8.984375e-01 8.593750e-01
8.984375e-01 8.671875e-01
8.984375e-01 8.750000e-01
8.984375e-01 8.828125e-01
8.984375e-01 8.906250e-01
8.984375e-01 8.984375e-01
8.984375e-01 9.062500e-01
8.984375e-01 9.140625e-01
8.984375e-01 9.218750e-01
8.984375e-01 9.296875e-01
8.984375e-01 9.375000e-01
8.984375e-01 9.453125e-01
8.984375e-01 9.531250e-01
8.984375e-01 9.609375e-01
8.984375e-01 9.687500e-01
8.984375e-01 9.765625e-01
8.984375e-01 9.843750e-01
8.984375e-01 9.921875e-01
8.984375e-01 1.000000e+00
9.062500e-01 7.500000e-01
9.062500e-01 7.578125e-01
9.062500e-01 7.656250e-01
9.062500e-01 7.734375e-01
9.062500e-01 7.812500e-01
9.062500e-01 7.890625e-01
9.062500e-01 7.968750e-01
9.062500e-01 8.046875e-01
9.062500e-01 8.125000e-01
9.062500e-01 8.203125e-01
9.062500e-01 8.281250e-01
9.062500e-01 8.359375e-01
9.062500e-01 8.437500e-01
9.062500e-01 8.515625e-01
9.062500e-01 8.593750e-01
9.062500e-01 8.671875e-01
9.062500e-01 8.750000e-01
9.062500e-01 8.828125e-01
9.062500e-01 8.906250e-01
9.062500e-01 8.984375e-01
9.062500e-01 9.062500e-01
9.062500e-01 9.140625e-01
9.062500e-01 9.218750e-01
9.062500e-01 9.296875e-01
9.062500e-01 9.375000e-01
9.062500e-01 9.453125e-01
9.062500e-01 9.531250e-01
9.062500e-01 9.609375e-01
9.062500e-01 9.687500e-01
9.062500e-01 9.765625e-01
9.062500e-01 9.843750e-01
9.062500e-01 9.921875e-01
9.062500e-01 1.000000e+00
9.140625e-01 7.500000e-01
9.140625e-01 7.578125e-01
9.140625e-01 7.656250e-01
9.140625e-01 7.734375e-01
9.140625e-01 7.812500e-01
9.140625e-01 7.890625e-01
9.140625e-01 7.968750e-01
9.140625e-01 8.046875e-01
9.140625e-01 8.125000e-01
9.140625e-01 8.203125e-01
9.140625e-01 8.281250e-01
9.140625e-01 8.359375e-01
9.140625e-01 8.437500e-01
9.140625e-01 8.515625e-01
9.140625e-01 8.593750e-01
9.140625e-01 8.671875e-01
9.140625e-01 8.750000e-01
9.140625e-01 8.828125e-01
9.140625e-01 8.906250e-01
9.140625e-01 8.984375e-01
9.140625e-01 9.062500e-01
9.140625e-01 9.140625e-01
9.140625e-01 9.218750e-01
9.140625e-01 9.296875e-01
9.140625e-01 9.375000e-01
9.140625e-01 9.453125e-01
9.140625e-01 9.531250e-01
9.140625e-01 9.609375e-01
9.140625e-01 9.687500e-01
9.140625e-01 9.765625e-01
9.140625e-01 9.843750e-01
9.140625e-01 9.921875e-01
9.140625e-01 1.000000e+00
9.218750e-01 7.500000e-01
9.218750e-01 7.578125e-01
9.218750e-01 7.656250e-01
9.218750e-01 7.734375e-01
9.218750e-01 7.812500e-01
9.218750e-01 7.890625e-01
9.218750e-01 7.968750e-01
9.218750e-01 8.046875e-01
9.218750e-01 8.125000e-01
9.218750e-01 8.203125e-01
9.218750e-01 8.281250e-01
9.218750e-01 8.359375e-01
9.218750e-01 8.437500e-01
9.218750e-01 8.515625e-01
9.218750e-01 8.593750e-01
9.218750e-01 8.671875e-01
9.218750e-01 8.750000e-01
9.218750e-01 8.828125e-01
9.218750e-01 8.906250e-01
9.218750e-01 8.984375e-01
9.218750e-01 9.062500e-01
9.218750e-01 9.140625e-01
9.218750e-01 9.218750e-01
9.218750e-01 9.296875e-01
9.218750e-01 9.375000e-01
9.218750e-01 9.453125e-01
9.218750e-01 9.531250e-01
9.218750e-01 9.609375e-01
9.218750e-01 9.687500e-01
9.218750e-01 9.765625e-01
9.218750e-01 9.843750e-01
9.218750e-01 9.921875e-01
9.218750e-01 1.000000e+00
9.296875e-01 7.500000e-01
9.296875e-01 7.578125e-01
9.296875e-01 7.656250e-01
9.296875e-01 7.734375e-01
9.296875e-01 7.812500e-01
9.296875e-01 7.890625e-01
9.296875e-01 7.968750e-01
9.296875e-01 8.046875e-01
9.296875e-01 8.125000e-01
9.296875e-01 8.203125e-01
9.296875e-01 8.281250e-01
9.296875e-01 8.359375e-01
9.296875e-01 8.437500e-01
9.296875e-01 8.515625e-01
9.296875e-01 8.593750e-01
9.296875e-01 8.671875e-01
9.296875e-01 8.750000e-01
9.296875e-01 8.828125e-01
9.296875e-01 8.906250e-01
9.296875e-01 8.984375e-01
9.296875e-01 9.062500e-01
9.296875e-01 9.140625e-01
9.296875e-01 9.218750e-01
9.296875e-01 9.296875e-01
9.296875e-01 9.375000e-01
9.296875e-01 9.453125e-01
9.296875e-01 9.531250e-01
9.296875e-01 9.609375e-01
9.296875e-01 9.687500e-01
9.296875e-01 9.765625e-01
9.296875e-01 9.843750e-01
9.296875e-01 9.921875e-01
9.296875e-01 1.000000e+00
9.375000e-01 7.500000e-01
9.375000e-01 7.578125e-01
9.375000e-01 7.656250e-01
9.375000e-01 7.734375e-01
9.375000e-01 7.812500e-01
9.375000e-01 7.890625e-01
9.375000e-01 7.968750e-01
9.375000e-01 8.046875e-01
9.375000e-01 8.125000e-01
9.375000e-01 8.203125e-01
9.375000e-01 8.281250e-01
9.375000e-01 8.359375e-01
9.375000e-01 8.437500e-01
9.375000e-01 8.515625e-01
9.375000e-01 8.593750e-01
9.375000e-01 8.671875e-01
9.375000e-01 8.750000e-01
9.375000e-01 8.828125e-01
9.375000e-01 8.906250e-01
9.375000e-01 8.984375e-01
9.375000e-01 9.062500e-01
9.375000e-01 9.140625e-01
9.375000e-01 9.218750e-01
9.375000e-01 9.296875e-01
9.375000e-01 9.375000e-01
9.375000e-01 9.453125e-01
9.375000e-01 9.531250e-01
9.375000e-01 9.609375e-01
9.375000e-01 9.687500e-01
9.375000e-01 9.765625e-01
9.375000e-01 9.843750e-01
9.375000e-01 9.921875e-01
9.375000e-01 1.000000e+00
9.453125e-01 7.500000e-01
9.453125e-01 7.578125e-01
9.453125e-01 7.656250e-01
9.453125e-01 7.734375e-01
9.453125e-01 7.812500e-01
9.453125e-01 7.890625e-01
9.453125e-01 7.968750e-01
9.453125e-01 8.046875e-01
9.453125e-01 8.125000e-01
9.453125e-01 8.203125e-01
9.453125e-01 8.281250e-01
9.453125e-01 8.359375e-01
9.453125e-01 8.437500e-01
9.453125e-01 8.515625e-01
9.453125e-01 8.593750e-01
9.453125e-01 8.671875e-01
9.453125e-01 8.750000e-01
9.453125e-01 8.828125e-01
9.453125e-01 8.906250e-01
9.453125e-01 8.984375e-01
9.453125e-01 9.062500e-01
9.453125e-01 9.140625e-01
9.453125e-01 9.218750e-01
9.453125e-01 9.296875e-01
9.453125e-01 9.375000e-01
9.453125e-01 9.453125e-01
9.453125e-01 9.531250e-01
9.453125e-01 9.609375e-01
9.453125e-01 9.687500e-01
9.453125e-01 9.765625e-01
9.453125e-01 9.843750e-01
9.453125e-01 9.921875e-01
9.453125e-01 1.000000e+00
9.531250e-01 7.500000e-01
9.531250e-01 7.578125e-01
9.531250e-01 7.656250e-01
9.531250e-01 7.734375e-01
9.531250e-01 7.812500e-01
9.531250e-01 7.890625e-01
9.531250e-01 7.968750e-01
9.531250e-01 8.046875e-01
9.531250e-01 8.125000e-01
9.531250e-01 8.203125e-01
9.531250e-01 8.281250e-01
9.531250e-01 8.359375e-01
9.531250e-01 8.437500e-01
9.531250e-01 8.515625e-01
9.531250e-01 8.593750e-01
9.531250e-01 8.671875e-01
9.531250e-01 8.750000e-01
9.531250e-01 8.828125e-01
9.531250e-01 8.906250e-01
9.531250e-01 8.984375e-01
9.531250e-01 9.062500e-01
9.531250e-01 9.140625e-01
9.531250e-01 9.218750e-01
9.531250e-01 9.296875e-01
9.531250e-01 9.375000e-01
9.531250e-01 9.453125e-01
9.531250e-01 9.531250e-01
9.531250e-01 9.609375e-01
9.531250e-01 9.687500e-01
9.531250e-01 9.765625e-01
9.531250e-01 9.843750e-01
9.531250e-01 9.921875e-01
9.531250e-01 1.000000e+00
9.609375e-01 7.500000e-01
9.609375e-01 7.578125e-01
9.609375e-01 7.656250e-01
9.609375e-01 7.734375e-01
9.609375e-01 7.812500e-01
9.609375e-01 7.890625e-01
9.609375e-01 7.968750e-01
9.609375e-01 8.046875e-01
9.609375e-01 8.125000e-01
9.609375e-01 8.203125e-01
9.609375e-01 8.281250e-01
9.609375e-01 8.359375e-01
9.609375e-01 8.437500e-01
9.609375e-01 8.515625e-01
9.609375e-01 8.593750e-01
9.609375e-01 8.671875e-01
9.609375e-01 8.750000e-01
9.609375e-01 8.828125e-01
9.609375e-01 8.906250e-01
9.609375e-01 8.984375e-01
9.609375e-01 9.062500e-01
9.609375e-01 9.140625e-01
9.609375e-01 9.218750e-01
9.609375e-01 9.296875e-01
9.609375e-01 9.375000e-01
9.609375e-01 9.453125e-01
9.609375e-01 9.531250e-01
9.609375e-01 9.609375e-01
9.609375e-01 9.687500e-01
9.609375e-01 9.765625e-01
9.609375e-01 9.843750e-01
9.609375e-01 9.921875e-01
9.609375e-01 1.000000e+00
9.687500e-01 7.500000e-01
9.687500e-01 7.578125e-01
9.687500e-01 7.656250e-01
9.687500e-01 7.734375e-01
9.687500e-01 7.812500e-01
9.687500e-01 7.890625e-01
9.687500e-01 7.968750e-01
9.687500e-01 8.046875e-01
9.687500e-01 8.125000e-01
9.687500e-01 8.203125e-01
9.687500e-01 8.281250e-01
9.687500e-01 8.359375e-01
9.687500e-01 8.437500e-01
9.687500e-01 8.515625e-01
9.687500e-01 8.593750e-01
9.687500e-01 8.671875e-01
9.687500e-01 8.750000e-01
9.687500e-01 8.828125e-01
9.687500e-01 8.906250e-01
9.687500e-01 8.984375e-01
9.687500e-01 9.062500e-01
9.687500e-01 9.140625e-01
9.687500e-01 9.218750e-01
9.687500e-01 9.296875e-01
9.687500e-01 9.375000e-01
9.687500e-01 9.453125e-01
9.687500e-01 9.531250e-01
9.687500e-01 9.609375e-01
9.687500e-01 9.687500e-01
9.687500e-01 9.765625e-01
9.687500e-01 9.843750e-01
9.687500e-01 9.921875e-01
9.687500e-01 1.000000e+00
9.765625e-01 7.500000e-01
9.765625e-01 7.578125e-01
9.765625e-01 7.656250e-01
9.765625e-01 7.734375e-01
9.765625e-01 7.812500e-01
9.765625e-01 7.890625e-01
9.765625e-01 7.968750e-01
9.765625e-01 8.046875e-01
9.765625e-01 8.125000e-01
9.765625e-01 8.203125e-01
9.765625e-01 8.281250e-01
9.765625e-01 8.359375e-01
9.765625e-01 8.437500e-01
9.765625e-01 8.515625e-01
9.765625e-01 8.593750e-01
9.765625e-01 8.671875e-01
9.765625e-01 8.750000e-01
9.765625e-01 8.828125e-01
9.765625e-01 8.906250e-01
9.765625e-01 8.984375e-01
9.765625e-01 9.062500e-01
9.765625e-01 9.140625e-01
9.765625e-01 9.218750e-01
9.765625e-01 9.296875e-01
9.765625e-01 9.375000e-01
9.765625e-01 9.453125e-01
9.765625e-01 9.531250e-01
9.765625e-01 9.609375e-01
9.765625e-01 9.687500e-01
9.765625e-01 9.765625e-01
9.765625e-01 9.843750e-01
9.765625e-01 9.921875e-01
9.765625e-01 1.000000e+00
9.843750e-01 7.500000e-01
9.843750e-01 7.578125e-01
9.843750e-01 7.656250e-01
9.843750e-01 7.734375e-01
9.843750e-01 7.812500e-01
9.843750e-01 7.890625e-01
9.843750e-01 7.968750e-01
9.843750e-01 8.046875e-01
9.843750e-01 8.125000e-01
9.843750e-01 8.203125e-01
9.843750e-01 8.281250e-01
9.843750e-01 8.359375e-01
9.843750e-01 8.437500e-01
9.843750e-01 8.515625e-01
9.843750e-01 8.593750e-01
9.843750e-01 8.671875e-01
9.843750e-01 8.750000e-01
9.843750e-01 8.828125e-01
9.843750e-01 8.906250e-01
9.843750e-01 8.984375e-01
9.843750e-01 9.062500e-01
9.843750e-01 9.140625e-01
9.843750e-01 9.218750e-01
9.843750e-01 9.296875e-01
9.843750e-01 9.375000e-01
9.843750e-01 9.453125e-01
9.843750e-01 9.531250e-01
9.843750e-01 9.609375e-01
9.843750e-01 9.687500e-01
9.843750e-01 9.765625e-01
9.843750e-01 9.843750e-01
9.843750e-01 9.921875e-01
9.843750e-01 1.000000e+00
9.921875e-01 7.500000e-01
9.921875e-01 7.578125e-01
9.921875e-01 7.656250e-01
9.921875e-01 7.734375e-01
9.921875e-01 7.812500e-01
9.921875e-01 7.890625e-01
9.921875e-01 7.968750e-01
9.921875e-01 8.046875e-01
9.921875e-01 8.125000e-01
9.921875e-01 8.203125e-01
9.921875e-01 8.281250e-01
9.921875e-01 8.359375e-01
9.921875e-01 8.437500e-01
9.921875e-01 8.515625e-01
9.921875e-01 8.593750e-01
9.921875e-01 8.671875e-01
9.921875e-01 8.750000e-01
9.921875e-01 8.828125e-01
9.921875e-01 8.906250e-01
9.921875e-01 8.984375e-01
9.921875e-01 9.062500e-01
9.921875e-01 9.140625e-01
9.921875e-01 9.218750e-01
9.921875e-01 9.296875e-01
9.921875e-01 9.375000e-01
9.921875e-01 9.453125e-01
9.921875e-01 9.531250e-01
9.921875e-01 9.609375e-01
9.921875e-01 9.687500e-01
9.921875e-01 9.765625e-01
9.921875e-01 9.843750e-01
9.921875e-01 9.921875e-01
9.921875e-01 1.000000e+00
1.000000e+00 7.500000e-01
1.000000e+00 7.578125e-01
1.000000e+00 7.656250e-01
1.000000e+00 7.734375e-01
1.000000e+00 7.812500e-01
1.000000e+00 7.890625e-01
1.000000e+00 7.968750e-01
1.000000e+00 8.046875e-01
1.000000e+00 8.125000e-01
1.000000e+00 8.203125e-01
1.000000e+00 8.281250e-01
1.000000e+00 8.359375e-01
1.000000e+00 8.437500e-01
1.000000e+00 8.515625e-01
1.000000e+00 8.593750e-01
1.000000e+00 8.671875e-01
1.000000e+00 8.750000e-01
1.000000e+00 8.828125e-01
1.000000e+00 8.906250e-01
1.000000e+00 8.984375e-01
1.000000e+00 9.062500e-01
1.000000e+00 9.140625e-01
1.000000e+00 9.218750e-01
1.000000e+00 9.296875e-01
1.000000e+00 9.375000e-01
1.000000e+00 9.453125e-01
1.000000e+00 9.531250e-01
1.000000e+00 9.609375e-01
1.000000e+00 9.687500e-01
1.000000e+00 9.765625e-01
1.000000e+00 9.843750e-01
1.000000e+00 9.921875e-01
1.000000e+00 1.000000e+00
