1.138826e-02
1.138773e-02
1.138679e-02
1.138564e-02
1.138426e-02
1.138350e-02
1.138271e-02
1.138152e-02
1.138019e-02
1.137745e-02
1.137452e-02
1.137111e-02
1.136729e-02
1.136393e-02
1.135958e-02
1.135547e-02
1.135053e-02
1.134543e-02
1.134009e-02
1.133421e-02
1.132841e-02
1.132219e-02
1.131636e-02
1.131043e-02
1.130463e-02
1.129843e-02
1.129197e-02
1.128531e-02
1.127873e-02
1.127239e-02
1.126588e-02
1.125924e-02
1.125580e-02
1.152563e-02
1.152503e-02
1.152370e-02
1.152180e-02
1.151938e-02
1.151683e-02
1.151377e-02
1.150984e-02
1.150542e-02
1.149967e-02
1.149338e-02
1.148645e-02
1.147881e-02
1.147123e-02
1.146285e-02
1.145432e-02
1.144505e-02
1.143534e-02
1.142510e-02
1.141466e-02
1.140385e-02
1.139286e-02
1.138168e-02
1.136977e-02
1.135776e-02
1.134474e-02
1.133161e-02
1.131823e-02
1.130495e-02
1.129217e-02
1.127918e-02
1.126609e-02
1.125947e-02
1.179060e-02
1.179002e-02
1.178826e-02
1.178512e-02
1.178076e-02
1.177478e-02
1.176747e-02
1.175903e-02
1.174946e-02
1.173901e-02
1.172751e-02
1.171463e-02
1.170076e-02
1.168563e-02
1.166969e-02
1.165289e-02
1.163484e-02
1.161610e-02
1.159593e-02
1.157554e-02
1.155407e-02
1.153218e-02
1.150950e-02
1.148570e-02
1.146157e-02
1.143626e-02
1.141080e-02
1.138466e-02
1.135833e-02
1.133207e-02
1.130568e-02
1.127935e-02
1.126607e-02
1.204649e-02
1.204578e-02
1.204357e-02
1.203928e-02
1.203315e-02
1.202469e-02
1.201441e-02
1.200271e-02
1.198923e-02
1.197441e-02
1.195791e-02
1.193920e-02
1.191904e-02
1.189665e-02
1.187282e-02
1.184768e-02
1.182085e-02
1.179304e-02
1.176345e-02
1.173279e-02
1.170070e-02
1.166794e-02
1.163401e-02
1.159951e-02
1.156400e-02
1.152730e-02
1.148991e-02
1.145093e-02
1.141163e-02
1.137165e-02
1.133173e-02
1.129213e-02
1.127212e-02
1.229926e-02
1.229791e-02
1.229433e-02
1.228829e-02
1.228005e-02
1.226954e-02
1.225686e-02
1.224150e-02
1.222372e-02
1.220342e-02
1.218073e-02
1.215616e-02
1.212936e-02
1.210046e-02
1.206966e-02
1.203666e-02
1.200219e-02
1.196579e-02
1.192746e-02
1.188747e-02
1.184527e-02
1.180227e-02
1.175743e-02
1.171195e-02
1.166483e-02
1.161635e-02
1.156684e-02
1.151571e-02
1.146411e-02
1.141132e-02
1.135828e-02
1.130507e-02
1.127821e-02
1.254458e-02
1.254279e-02
1.253787e-02
1.253007e-02
1.251965e-02
1.250652e-02
1.249075e-02
1.247154e-02
1.244962e-02
1.242483e-02
1.239728e-02
1.236771e-02
1.233534e-02
1.230041e-02
1.226307e-02
1.222256e-02
1.218004e-02
1.213501e-02
1.208776e-02
1.203856e-02
1.198682e-02
1.193334e-02
1.187774e-02
1.182113e-02
1.176273e-02
1.170355e-02
1.164260e-02
1.158015e-02
1.151649e-02
1.145085e-02
1.138480e-02
1.131787e-02
1.128410e-02
1.278053e-02
1.277889e-02
1.277365e-02
1.276489e-02
1.275262e-02
1.273676e-02
1.271762e-02
1.269529e-02
1.267003e-02
1.264135e-02
1.260965e-02
1.257432e-02
1.253581e-02
1.249432e-02
1.244961e-02
1.240205e-02
1.235172e-02
1.229851e-02
1.224333e-02
1.218537e-02
1.212499e-02
1.206201e-02
1.199627e-02
1.192913e-02
1.185966e-02
1.178936e-02
1.171675e-02
1.164266e-02
1.156694e-02
1.148934e-02
1.141100e-02
1.133117e-02
1.129103e-02
1.300914e-02
1.300752e-02
1.300194e-02
1.299241e-02
1.297846e-02
1.296051e-02
1.293858e-02
1.291314e-02
1.288417e-02
1.285091e-02
1.281436e-02
1.277344e-02
1.272926e-02
1.268194e-02
1.263105e-02
1.257719e-02
1.252000e-02
1.245908e-02
1.239565e-02
1.232882e-02
1.225947e-02
1.218726e-02
1.211196e-02
1.203424e-02
1.195393e-02
1.187235e-02
1.178854e-02
1.170378e-02
1.161662e-02
1.152770e-02
1.143715e-02
1.134445e-02
1.129811e-02
1.322945e-02
1.322742e-02
1.322070e-02
1.321007e-02
1.319477e-02
1.317537e-02
1.315135e-02
1.312274e-02
1.308976e-02
1.305249e-02
1.301150e-02
1.296629e-02
1.291764e-02
1.286449e-02
1.280775e-02
1.274706e-02
1.268241e-02
1.261411e-02
1.254231e-02
1.246704e-02
1.238944e-02
1.230839e-02
1.222454e-02
1.213725e-02
1.204680e-02
1.195446e-02
1.185949e-02
1.176351e-02
1.166473e-02
1.156437e-02
1.146188e-02
1.135737e-02
1.130531e-02
1.344096e-02
1.343855e-02
1.343085e-02
1.341887e-02
1.340227e-02
1.338116e-02
1.335503e-02
1.332410e-02
1.328804e-02
1.324787e-02
1.320301e-02
1.315341e-02
1.309974e-02
1.304059e-02
1.297777e-02
1.291059e-02
1.283936e-02
1.276451e-02
1.268559e-02
1.260247e-02
1.251639e-02
1.242630e-02
1.233350e-02
1.223703e-02
1.213708e-02
1.203410e-02
1.192827e-02
1.182102e-02
1.171120e-02
1.160026e-02
1.148634e-02
1.137044e-02
1.131273e-02
1.364522e-02
1.364256e-02
1.363472e-02
1.362155e-02
1.360318e-02
1.357996e-02
1.355137e-02
1.351840e-02
1.347971e-02
1.343618e-02
1.338693e-02
1.333273e-02
1.327370e-02
1.320974e-02
1.314179e-02
1.306864e-02
1.299163e-02
1.290992e-02
1.282366e-02
1.273303e-02
1.263831e-02
1.253961e-02
1.243838e-02
1.233310e-02
1.222467e-02
1.211213e-02
1.199612e-02
1.187792e-02
1.175695e-02
1.163481e-02
1.150944e-02
1.138237e-02
1.131890e-02
1.384215e-02
1.383915e-02
1.383115e-02
1.381705e-02
1.379688e-02
1.377153e-02
1.374037e-02
1.370436e-02
1.366257e-02
1.361550e-02
1.356246e-02
1.350494e-02
1.344166e-02
1.337354e-02
1.330044e-02
1.322125e-02
1.313795e-02
1.304935e-02
1.295632e-02
1.285903e-02
1.275701e-02
1.265037e-02
1.254045e-02
1.242606e-02
1.230883e-02
1.218720e-02
1.206178e-02
1.193291e-02
1.180111e-02
1.166787e-02
1.153172e-02
1.139419e-02
1.132506e-02
1.403240e-02
1.402920e-02
1.402024e-02
1.400516e-02
1.398393e-02
1.395659e-02
1.392324e-02
1.388394e-02
1.383895e-02
1.378888e-02
1.373263e-02
1.367143e-02
1.360348e-02
1.353043e-02
1.345141e-02
1.336698e-02
1.327795e-02
1.318319e-02
1.308429e-02
1.298020e-02
1.287099e-02
1.275683e-02
1.263819e-02
1.251511e-02
1.238946e-02
1.225918e-02
1.212537e-02
1.198692e-02
1.184486e-02
1.170056e-02
1.155339e-02
1.140490e-02
1.132986e-02
1.421348e-02
1.421047e-02
1.420039e-02
1.418405e-02
1.416201e-02
1.413280e-02
1.409760e-02
1.405581e-02
1.400785e-02
1.395426e-02
1.389438e-02
1.382877e-02
1.375651e-02
1.367957e-02
1.359590e-02
1.350740e-02
1.341308e-02
1.331231e-02
1.320701e-02
1.309584e-02
1.297984e-02
1.285907e-02
1.273303e-02
1.260196e-02
1.246749e-02
1.232817e-02
1.218585e-02
1.203849e-02
1.188705e-02
1.173208e-02
1.157421e-02
1.141497e-02
1.133416e-02
1.438336e-02
1.438043e-02
1.436992e-02
1.435272e-02
1.432943e-02
1.429895e-02
1.426242e-02
1.421895e-02
1.416895e-02
1.411210e-02
1.404912e-02
1.398008e-02
1.390451e-02
1.382361e-02
1.373516e-02
1.364164e-02
1.354114e-02
1.343493e-02
1.332358e-02
1.320611e-02
1.308418e-02
1.295678e-02
1.282362e-02
1.268508e-02
1.254193e-02
1.239397e-02
1.224347e-02
1.208773e-02
1.192796e-02
1.176331e-02
1.159510e-02
1.142485e-02
1.133818e-02
1.454476e-02
1.454135e-02
1.453099e-02
1.451378e-02
1.448911e-02
1.445773e-02
1.441980e-02
1.437428e-02
1.432226e-02
1.426271e-02
1.419661e-02
1.412388e-02
1.404454e-02
1.395877e-02
1.386585e-02
1.376802e-02
1.366266e-02
1.355241e-02
1.343567e-02
1.331217e-02
1.318381e-02
1.304934e-02
1.290953e-02
1.276460e-02
1.261397e-02
1.245793e-02
1.229869e-02
1.213416e-02
1.196634e-02
1.179297e-02
1.161532e-02
1.143446e-02
1.134213e-02
1.469879e-02
1.469475e-02
1.468415e-02
1.466662e-02
1.464068e-02
1.460805e-02
1.456792e-02
1.452017e-02
1.446589e-02
1.440409e-02
1.433546e-02
1.425942e-02
1.417704e-02
1.408766e-02
1.399154e-02
1.388951e-02
1.377934e-02
1.366410e-02
1.354117e-02
1.341218e-02
1.327780e-02
1.313700e-02
1.299131e-02
1.284006e-02
1.268231e-02
1.251886e-02
1.235110e-02
1.217818e-02
1.200264e-02
1.182120e-02
1.163518e-02
1.144447e-02
1.134683e-02
1.484447e-02
1.484027e-02
1.482916e-02
1.481050e-02
1.478376e-02
1.475011e-02
1.470783e-02
1.465863e-02
1.460228e-02
1.453809e-02
1.446715e-02
1.438819e-02
1.430258e-02
1.420946e-02
1.410961e-02
1.400259e-02
1.388802e-02
1.376835e-02
1.364054e-02
1.350753e-02
1.336772e-02
1.322080e-02
1.306879e-02
1.291074e-02
1.274661e-02
1.257709e-02
1.240175e-02
1.222064e-02
1.203675e-02
1.184708e-02
1.165349e-02
1.145415e-02
1.135187e-02
1.498067e-02
1.497652e-02
1.496479e-02
1.494464e-02
1.491702e-02
1.488250e-02
1.483876e-02
1.478852e-02
1.473004e-02
1.466342e-02
1.458994e-02
1.450825e-02
1.441960e-02
1.432309e-02
1.422017e-02
1.410952e-02
1.399185e-02
1.386779e-02
1.373511e-02
1.359728e-02
1.345148e-02
1.329908e-02
1.314138e-02
1.297718e-02
1.280731e-02
1.263187e-02
1.244940e-02
1.226087e-02
1.206891e-02
1.187134e-02
1.167061e-02
1.146345e-02
1.135722e-02
1.510885e-02
1.510480e-02
1.509219e-02
1.507117e-02
1.504260e-02
1.500658e-02
1.496195e-02
1.491034e-02
1.484962e-02
1.478111e-02
1.470527e-02
1.462097e-02
1.452966e-02
1.443011e-02
1.432388e-02
1.420952e-02
1.408828e-02
1.395941e-02
1.382251e-02
1.368041e-02
1.352982e-02
1.337339e-02
1.321038e-02
1.303992e-02
1.286404e-02
1.268248e-02
1.249391e-02
1.229952e-02
1.209995e-02
1.189418e-02
1.168597e-02
1.147140e-02
1.136175e-02
1.522490e-02
1.522155e-02
1.520864e-02
1.518815e-02
1.515951e-02
1.512158e-02
1.507611e-02
1.502263e-02
1.495985e-02
1.488991e-02
1.481183e-02
1.472520e-02
1.463138e-02
1.452902e-02
1.441953e-02
1.430187e-02
1.417769e-02
1.404530e-02
1.390532e-02
1.375879e-02
1.360326e-02
1.344234e-02
1.327378e-02
1.309789e-02
1.291685e-02
1.272964e-02
1.253542e-02
1.233547e-02
1.212886e-02
1.191573e-02
1.170026e-02
1.147861e-02
1.136591e-02
1.533414e-02
1.533120e-02
1.531762e-02
1.529653e-02
1.526683e-02
1.522688e-02
1.518037e-02
1.512523e-02
1.506143e-02
1.499062e-02
1.491043e-02
1.482199e-02
1.472587e-02
1.462095e-02
1.450849e-02
1.438769e-02
1.426025e-02
1.412430e-02
1.398105e-02
1.383013e-02
1.367058e-02
1.350571e-02
1.333254e-02
1.315255e-02
1.296653e-02
1.277314e-02
1.257339e-02
1.236840e-02
1.215585e-02
1.193668e-02
1.171394e-02
1.148461e-02
1.136871e-02
1.543300e-02
1.542988e-02
1.541609e-02
1.539458e-02
1.536435e-02
1.532446e-02
1.527774e-02
1.522106e-02
1.515613e-02
1.508355e-02
1.500053e-02
1.491009e-02
1.481157e-02
1.470442e-02
1.458958e-02
1.446600e-02
1.433541e-02
1.419641e-02
1.405052e-02
1.389626e-02
1.373354e-02
1.356441e-02
1.338637e-02
1.320226e-02
1.301150e-02
1.281287e-02
1.260847e-02
1.239867e-02
1.218050e-02
1.195588e-02
1.172661e-02
1.149035e-02
1.137149e-02
1.552281e-02
1.551892e-02
1.550495e-02
1.548297e-02
1.545222e-02
1.541233e-02
1.536460e-02
1.530622e-02
1.524000e-02
1.516594e-02
1.508140e-02
1.499015e-02
1.488976e-02
1.478073e-02
1.466382e-02
1.453784e-02
1.440416e-02
1.426189e-02
1.411312e-02
1.395581e-02
1.379015e-02
1.361709e-02
1.343515e-02
1.324753e-02
1.305259e-02
1.284975e-02
1.264090e-02
1.242562e-02
1.220237e-02
1.197370e-02
1.173871e-02
1.149595e-02
1.137428e-02
1.560490e-02
1.559999e-02
1.558621e-02
1.556369e-02
1.553216e-02
1.549171e-02
1.544252e-02
1.538368e-02
1.531676e-02
1.524147e-02
1.515575e-02
1.506315e-02
1.496004e-02
1.484860e-02
1.472958e-02
1.460173e-02
1.446572e-02
1.432058e-02
1.416900e-02
1.400922e-02
1.384133e-02
1.366508e-02
1.347975e-02
1.328831e-02
1.308903e-02
1.288245e-02
1.266988e-02
1.244991e-02
1.222221e-02
1.198964e-02
1.174938e-02
1.150109e-02
1.137707e-02
1.567777e-02
1.567198e-02
1.565881e-02
1.563572e-02
1.560287e-02
1.556163e-02
1.551113e-02
1.545234e-02
1.538443e-02
1.530747e-02
1.522047e-02
1.512637e-02
1.502134e-02
1.490855e-02
1.478808e-02
1.465860e-02
1.452065e-02
1.437324e-02
1.421877e-02
1.405597e-02
1.388584e-02
1.370731e-02
1.351919e-02
1.332406e-02
1.312118e-02
1.291177e-02
1.269588e-02
1.247167e-02
1.223991e-02
1.200333e-02
1.175853e-02
1.150634e-02
1.138071e-02
1.574095e-02
1.573471e-02
1.572203e-02
1.569844e-02
1.566469e-02
1.562319e-02
1.557159e-02
1.551208e-02
1.544244e-02
1.536393e-02
1.527632e-02
1.518141e-02
1.507562e-02
1.496185e-02
1.483947e-02
1.470762e-02
1.456765e-02
1.441870e-02
1.426207e-02
1.409651e-02
1.392427e-02
1.374422e-02
1.355413e-02
1.335566e-02
1.314927e-02
1.293697e-02
1.271809e-02
1.249047e-02
1.225549e-02
1.201530e-02
1.176636e-02
1.151078e-02
1.138378e-02
1.578926e-02
1.578309e-02
1.577145e-02
1.574831e-02
1.571456e-02
1.567373e-02
1.562160e-02
1.556197e-02
1.549222e-02
1.541355e-02
1.532510e-02
1.522831e-02
1.512130e-02
1.500602e-02
1.488197e-02
1.474867e-02
1.460775e-02
1.445784e-02
1.429924e-02
1.413121e-02
1.395678e-02
1.377484e-02
1.358313e-02
1.338257e-02
1.317337e-02
1.295806e-02
1.273669e-02
1.250689e-02
1.226917e-02
1.202524e-02
1.177274e-02
1.151470e-02
1.138663e-02
1.583261e-02
1.582651e-02
1.581555e-02
1.579266e-02
1.575821e-02
1.571701e-02
1.566332e-02
1.560296e-02
1.553285e-02
1.545340e-02
1.536346e-02
1.526492e-02
1.515801e-02
1.504268e-02
1.491811e-02
1.478340e-02
1.464089e-02
1.448952e-02
1.432911e-02
1.415938e-02
1.398348e-02
1.380010e-02
1.360707e-02
1.340496e-02
1.319349e-02
1.297545e-02
1.275177e-02
1.252014e-02
1.228030e-02
1.203341e-02
1.177803e-02
1.151787e-02
1.138880e-02
1.586425e-02
1.585821e-02
1.584721e-02
1.582447e-02
1.578980e-02
1.574875e-02
1.569438e-02
1.563410e-02
1.556440e-02
1.548471e-02
1.539415e-02
1.529485e-02
1.518757e-02
1.507073e-02
1.494545e-02
1.480984e-02
1.466620e-02
1.451400e-02
1.435276e-02
1.418199e-02
1.400445e-02
1.381943e-02
1.362534e-02
1.342216e-02
1.320906e-02
1.298907e-02
1.276357e-02
1.253025e-02
1.228897e-02
1.204025e-02
1.178243e-02
1.151992e-02
1.138974e-02
1.588877e-02
1.588308e-02
1.587206e-02
1.584920e-02
1.581411e-02
1.577244e-02
1.571714e-02
1.565676e-02
1.558696e-02
1.550709e-02
1.541621e-02
1.531638e-02
1.520867e-02
1.509019e-02
1.496456e-02
1.482917e-02
1.468533e-02
1.453199e-02
1.436914e-02
1.419754e-02
1.401952e-02
1.383360e-02
1.363840e-02
1.343434e-02
1.322047e-02
1.299930e-02
1.277206e-02
1.253714e-02
1.229499e-02
1.204524e-02
1.178559e-02
1.152123e-02
1.139024e-02
1.590596e-02
1.590073e-02
1.588966e-02
1.586669e-02
1.583145e-02
1.578889e-02
1.573227e-02
1.567106e-02
1.560025e-02
1.551975e-02
1.542854e-02
1.532839e-02
1.522074e-02
1.510189e-02
1.497641e-02
1.484086e-02
1.469671e-02
1.454274e-02
1.437880e-02
1.420662e-02
1.402865e-02
1.384256e-02
1.364635e-02
1.344117e-02
1.322695e-02
1.300555e-02
1.277723e-02
1.254107e-02
1.229861e-02
1.204857e-02
1.178766e-02
1.152187e-02
1.139028e-02
1.591030e-02
1.590507e-02
1.589352e-02
1.587014e-02
1.583479e-02
1.579208e-02
1.573530e-02
1.567443e-02
1.560437e-02
1.552474e-02
1.543413e-02
1.533398e-02
1.522573e-02
1.510596e-02
1.498012e-02
1.484427e-02
1.470000e-02
1.454637e-02
1.438260e-02
1.421001e-02
1.403149e-02
1.384521e-02
1.364895e-02
1.344360e-02
1.322932e-02
1.300787e-02
1.277908e-02
1.254223e-02
1.229965e-02
1.204971e-02
1.178837e-02
1.152192e-02
1.139007e-02
