1.111167e-02
1.111205e-02
1.111311e-02
1.111462e-02
1.111629e-02
1.111785e-02
1.111919e-02
1.112048e-02
1.112214e-02
1.112464e-02
1.112825e-02
1.113280e-02
1.113774e-02
1.114238e-02
1.114628e-02
1.114959e-02
1.115292e-02
1.115699e-02
1.116214e-02
1.116817e-02
1.117449e-02
1.118056e-02
1.118630e-02
1.119205e-02
1.119822e-02
1.120500e-02
1.121203e-02
1.121889e-02
1.122539e-02
1.123161e-02
1.123811e-02
1.124496e-02
1.124840e-02
1.097050e-02
1.097106e-02
1.097262e-02
1.097495e-02
1.097771e-02
1.098065e-02
1.098374e-02
1.098723e-02
1.099158e-02
1.099721e-02
1.100425e-02
1.101238e-02
1.102096e-02
1.102933e-02
1.103724e-02
1.104502e-02
1.105334e-02
1.106279e-02
1.107351e-02
1.108511e-02
1.109696e-02
1.110868e-02
1.112038e-02
1.113242e-02
1.114513e-02
1.115842e-02
1.117186e-02
1.118512e-02
1.119812e-02
1.121114e-02
1.122461e-02
1.123842e-02
1.124535e-02
1.068495e-02
1.068585e-02
1.068842e-02
1.069236e-02
1.069733e-02
1.070313e-02
1.070988e-02
1.071798e-02
1.072789e-02
1.073992e-02
1.075388e-02
1.076917e-02
1.078504e-02
1.080103e-02
1.081726e-02
1.083434e-02
1.085294e-02
1.087332e-02
1.089519e-02
1.091788e-02
1.094089e-02
1.096417e-02
1.098806e-02
1.101292e-02
1.103868e-02
1.106493e-02
1.109121e-02
1.111736e-02
1.114366e-02
1.117042e-02
1.119774e-02
1.122526e-02
1.123897e-02
1.039303e-02
1.039427e-02
1.039783e-02
1.040339e-02
1.041065e-02
1.041951e-02
1.043026e-02
1.044336e-02
1.045922e-02
1.047787e-02
1.049883e-02
1.052128e-02
1.054458e-02
1.056858e-02
1.059377e-02
1.062084e-02
1.065023e-02
1.068175e-02
1.071474e-02
1.074857e-02
1.078304e-02
1.081841e-02
1.085505e-02
1.089298e-02
1.093175e-02
1.097084e-02
1.100999e-02
1.104937e-02
1.108944e-02
1.113012e-02
1.117118e-02
1.121203e-02
1.123224e-02
1.009491e-02
1.009646e-02
1.010100e-02
1.010821e-02
1.011788e-02
1.013008e-02
1.014518e-02
1.016368e-02
1.018580e-02
1.021122e-02
1.023919e-02
1.026888e-02
1.029990e-02
1.033250e-02
1.036734e-02
1.040500e-02
1.044548e-02
1.048816e-02
1.053229e-02
1.057750e-02
1.062392e-02
1.067196e-02
1.072167e-02
1.077267e-02
1.082433e-02
1.087627e-02
1.092863e-02
1.098170e-02
1.103566e-02
1.109011e-02
1.114443e-02
1.119838e-02
1.122524e-02
9.790717e-03
9.792585e-03
9.798085e-03
9.807007e-03
9.819277e-03
9.835120e-03
9.854986e-03
9.879240e-03
9.907810e-03
9.940069e-03
9.975111e-03
1.001226e-02
1.005149e-02
1.009336e-02
1.013852e-02
1.018717e-02
1.023883e-02
1.029267e-02
1.034811e-02
1.040515e-02
1.046413e-02
1.052523e-02
1.058808e-02
1.065202e-02
1.071653e-02
1.078158e-02
1.084760e-02
1.091461e-02
1.098240e-02
1.105027e-02
1.111751e-02
1.118451e-02
1.121804e-02
9.480594e-03
9.482776e-03
9.489270e-03
9.500015e-03
9.515125e-03
9.534965e-03
9.559964e-03
9.590257e-03
9.625422e-03
9.664577e-03
9.706835e-03
9.751832e-03
9.799904e-03
9.851733e-03
9.907717e-03
9.967558e-03
1.003043e-02
1.009555e-02
1.016270e-02
1.023215e-02
1.030414e-02
1.037844e-02
1.045433e-02
1.053114e-02
1.060875e-02
1.068737e-02
1.076729e-02
1.084818e-02
1.092931e-02
1.101026e-02
1.109058e-02
1.117090e-02
1.121129e-02
9.164676e-03
9.167187e-03
9.174744e-03
9.187480e-03
9.205721e-03
9.229924e-03
9.260390e-03
9.296931e-03
9.338787e-03
9.384944e-03
9.434712e-03
9.488109e-03
9.545728e-03
9.608133e-03
9.675263e-03
9.746371e-03
9.820524e-03
9.897237e-03
9.976646e-03
1.005905e-02
1.014431e-02
1.023176e-02
1.032056e-02
1.041038e-02
1.050148e-02
1.059399e-02
1.068787e-02
1.078234e-02
1.087647e-02
1.097040e-02
1.106383e-02
1.115748e-02
1.120470e-02
8.843109e-03
8.845982e-03
8.854718e-03
8.869673e-03
8.891373e-03
8.920292e-03
8.956502e-03
8.999446e-03
9.048094e-03
9.101469e-03
9.159207e-03
9.221681e-03
9.289533e-03
9.362965e-03
9.441410e-03
9.523847e-03
9.609523e-03
9.698343e-03
9.790586e-03
9.886288e-03
9.984817e-03
1.008527e-02
1.018711e-02
1.029031e-02
1.039528e-02
1.050180e-02
1.060919e-02
1.071681e-02
1.082387e-02
1.093097e-02
1.103806e-02
1.114501e-02
1.119866e-02
8.516051e-03
8.519339e-03
8.529422e-03
8.546876e-03
8.572382e-03
8.606341e-03
8.648515e-03
8.697991e-03
8.753598e-03
8.814554e-03
8.880877e-03
8.953150e-03
9.031814e-03
9.116568e-03
9.206422e-03
9.300365e-03
9.398003e-03
9.499522e-03
9.605060e-03
9.714172e-03
9.825858e-03
9.939326e-03
1.005447e-02
1.017145e-02
1.029045e-02
1.041078e-02
1.053134e-02
1.065193e-02
1.077195e-02
1.089221e-02
1.101286e-02
1.113283e-02
1.119269e-02
8.183679e-03
8.187458e-03
8.199102e-03
8.219374e-03
8.249034e-03
8.288318e-03
8.336640e-03
8.392802e-03
8.455645e-03
8.524707e-03
8.600328e-03
8.683087e-03
8.773004e-03
8.869255e-03
8.970662e-03
9.076469e-03
9.186647e-03
9.301420e-03
9.420479e-03
9.542917e-03
9.667716e-03
9.794404e-03
9.923290e-03
1.005435e-02
1.018714e-02
1.032083e-02
1.045423e-02
1.058777e-02
1.072127e-02
1.085484e-02
1.098875e-02
1.112118e-02
1.118677e-02
7.846198e-03
7.850557e-03
7.864013e-03
7.887446e-03
7.921598e-03
7.966459e-03
8.021107e-03
8.084178e-03
8.154683e-03
8.232512e-03
8.318182e-03
8.412015e-03
8.513490e-03
8.621397e-03
8.734639e-03
8.852841e-03
8.976169e-03
9.104558e-03
9.237161e-03
9.372845e-03
9.510875e-03
9.651152e-03
9.794074e-03
9.939158e-03
1.008541e-02
1.023218e-02
1.037841e-02
1.052493e-02
1.067182e-02
1.081833e-02
1.096517e-02
1.111003e-02
1.118135e-02
7.503832e-03
7.508874e-03
7.524415e-03
7.551359e-03
7.590323e-03
7.641000e-03
7.702187e-03
7.772508e-03
7.851251e-03
7.938605e-03
8.035040e-03
8.140416e-03
8.253683e-03
8.373481e-03
8.499016e-03
8.630250e-03
8.767223e-03
8.909375e-03
9.055443e-03
9.204373e-03
9.355970e-03
9.510253e-03
9.667258e-03
9.826072e-03
9.985272e-03
1.014484e-02
1.030420e-02
1.046388e-02
1.062419e-02
1.078331e-02
1.094208e-02
1.109868e-02
1.117561e-02
7.156831e-03
7.162664e-03
7.180570e-03
7.211372e-03
7.255456e-03
7.312198e-03
7.380220e-03
7.458272e-03
7.545967e-03
7.643643e-03
7.751481e-03
7.868767e-03
7.994072e-03
8.126148e-03
8.264587e-03
8.409452e-03
8.560372e-03
8.716270e-03
8.875774e-03
9.038175e-03
9.203708e-03
9.372158e-03
9.542989e-03
9.715166e-03
9.887164e-03
1.005956e-02
1.023209e-02
1.040456e-02
1.057778e-02
1.074934e-02
1.091977e-02
1.108792e-02
1.117050e-02
6.805458e-03
6.812191e-03
6.832739e-03
6.867735e-03
6.917246e-03
6.980355e-03
7.055624e-03
7.142044e-03
7.239508e-03
7.348290e-03
7.468076e-03
7.597595e-03
7.735280e-03
7.880189e-03
8.032193e-03
8.191168e-03
8.356139e-03
8.525698e-03
8.698756e-03
8.874978e-03
9.054735e-03
9.237330e-03
9.421511e-03
9.606595e-03
9.791337e-03
9.976577e-03
1.016246e-02
1.034763e-02
1.053308e-02
1.071645e-02
1.089761e-02
1.107665e-02
1.116488e-02
6.449986e-03
6.457723e-03
6.481181e-03
6.520700e-03
6.575972e-03
6.645833e-03
6.728910e-03
6.824483e-03
6.932593e-03
7.053216e-03
7.185425e-03
7.327535e-03
7.478093e-03
7.636510e-03
7.802689e-03
7.976041e-03
8.155041e-03
8.338283e-03
8.525188e-03
8.715557e-03
8.909510e-03
9.105911e-03
9.303055e-03
9.500938e-03
9.698573e-03
9.896407e-03
1.009515e-02
1.029260e-02
1.048985e-02
1.068492e-02
1.087639e-02
1.106563e-02
1.115935e-02
6.090688e-03
6.099530e-03
6.126156e-03
6.170536e-03
6.231956e-03
6.309076e-03
6.400685e-03
6.506323e-03
6.625979e-03
6.759121e-03
6.904211e-03
7.059370e-03
7.223440e-03
7.396080e-03
7.576894e-03
7.764716e-03
7.957723e-03
8.154775e-03
8.355859e-03
8.560599e-03
8.768501e-03
8.978271e-03
9.188033e-03
9.398462e-03
9.609068e-03
9.819450e-03
1.003070e-02
1.024009e-02
1.044821e-02
1.065402e-02
1.085537e-02
1.105474e-02
1.115406e-02
5.727833e-03
5.737878e-03
5.767934e-03
5.817540e-03
5.885583e-03
5.970623e-03
6.071654e-03
6.188369e-03
6.320470e-03
6.466775e-03
6.625248e-03
6.794054e-03
6.972387e-03
7.159892e-03
7.355599e-03
7.557879e-03
7.764970e-03
7.976110e-03
8.191620e-03
8.410616e-03
8.631951e-03
8.854742e-03
9.077116e-03
9.299966e-03
9.523285e-03
9.745654e-03
9.968761e-03
1.018992e-02
1.040845e-02
1.062435e-02
1.083528e-02
1.104444e-02
1.114920e-02
5.361679e-03
5.373029e-03
5.406796e-03
5.462057e-03
5.537323e-03
5.631119e-03
5.742628e-03
5.871512e-03
6.016949e-03
6.177064e-03
6.349526e-03
6.532719e-03
6.726071e-03
6.928934e-03
7.139652e-03
7.356361e-03
7.577706e-03
7.803200e-03
8.033146e-03
8.266155e-03
8.500459e-03
8.735825e-03
8.970666e-03
9.205670e-03
9.441447e-03
9.675703e-03
9.910031e-03
1.014205e-02
1.037007e-02
1.059547e-02
1.081612e-02
1.103524e-02
1.114537e-02
4.992471e-03
5.005242e-03
5.043051e-03
5.104498e-03
5.187752e-03
5.291338e-03
5.414537e-03
5.556744e-03
5.716418e-03
5.891046e-03
6.078239e-03
6.276649e-03
6.485703e-03
6.704229e-03
6.929949e-03
7.161128e-03
7.397010e-03
7.636997e-03
7.881069e-03
8.127607e-03
8.374463e-03
8.622215e-03
8.869465e-03
9.116080e-03
9.363632e-03
9.609419e-03
9.854363e-03
1.009667e-02
1.033367e-02
1.056803e-02
1.079842e-02
1.102710e-02
1.114205e-02
4.620443e-03
4.634779e-03
4.677046e-03
4.745359e-03
4.837576e-03
4.952205e-03
5.088460e-03
5.245205e-03
5.420058e-03
5.610006e-03
5.812792e-03
6.027262e-03
6.252536e-03
6.486854e-03
6.727589e-03
6.973323e-03
7.223879e-03
7.478304e-03
7.736046e-03
7.995646e-03
8.254735e-03
8.514334e-03
8.773578e-03
9.031586e-03
9.290515e-03
9.547343e-03
9.801935e-03
1.005337e-02
1.029891e-02
1.054237e-02
1.078239e-02
1.101982e-02
1.113898e-02
4.245819e-03
4.261910e-03
4.309185e-03
4.385254e-03
4.487668e-03
4.614836e-03
4.765668e-03
4.938246e-03
5.129295e-03
5.335482e-03
5.554809e-03
5.786105e-03
6.027906e-03
6.278009e-03
6.533775e-03
6.794169e-03
7.059416e-03
7.327929e-03
7.598643e-03
7.870840e-03
8.141948e-03
8.412920e-03
8.683608e-03
8.952419e-03
9.222048e-03
9.489429e-03
9.752822e-03
1.001255e-02
1.026658e-02
1.051895e-02
1.076791e-02
1.101290e-02
1.113552e-02
3.868821e-03
3.886927e-03
3.939952e-03
4.024953e-03
4.139119e-03
4.280602e-03
4.447702e-03
4.637498e-03
4.845866e-03
5.069327e-03
5.306121e-03
5.554824e-03
5.813266e-03
6.079068e-03
6.349906e-03
6.624922e-03
6.904495e-03
7.186631e-03
7.469790e-03
7.753989e-03
8.036601e-03
8.318237e-03
8.599778e-03
8.879254e-03
9.158956e-03
9.435618e-03
9.706788e-03
9.974423e-03
1.023687e-02
1.049775e-02
1.075479e-02
1.100629e-02
1.113183e-02
3.489674e-03
3.510155e-03
3.569953e-03
3.665448e-03
3.793330e-03
3.951223e-03
4.136470e-03
4.344982e-03
4.571896e-03
4.813695e-03
5.068773e-03
5.335244e-03
5.610218e-03
5.891539e-03
6.177432e-03
6.466847e-03
6.760132e-03
7.055199e-03
7.350160e-03
7.645796e-03
7.939377e-03
8.230893e-03
8.522570e-03
8.812193e-03
9.101086e-03
9.386074e-03
9.664282e-03
9.939390e-03
1.021027e-02
1.047893e-02
1.074240e-02
1.099945e-02
1.112776e-02
3.108617e-03
3.131985e-03
3.199978e-03
3.308061e-03
3.452135e-03
3.628913e-03
3.834390e-03
4.063210e-03
4.309954e-03
4.571110e-03
4.845022e-03
5.129293e-03
5.420566e-03
5.717151e-03
6.017831e-03
6.321089e-03
6.627218e-03
6.934566e-03
7.240797e-03
7.546872e-03
7.850441e-03
8.151322e-03
8.452642e-03
8.751690e-03
9.048624e-03
9.340690e-03
9.625419e-03
9.907954e-03
1.018666e-02
1.046188e-02
1.073100e-02
1.099330e-02
1.112421e-02
2.725912e-03
2.752912e-03
2.831120e-03
2.954624e-03
3.118031e-03
3.316595e-03
3.544561e-03
3.795330e-03
4.063134e-03
4.344418e-03
4.637350e-03
4.939159e-03
5.246267e-03
5.557621e-03
5.872571e-03
6.188877e-03
6.506781e-03
6.825545e-03
7.142356e-03
7.457928e-03
7.770486e-03
8.079957e-03
8.390254e-03
8.697842e-03
9.001519e-03
9.299782e-03
9.590867e-03
9.880333e-03
1.016596e-02
1.044664e-02
1.072021e-02
1.098736e-02
1.112100e-02
2.341872e-03
2.373621e-03
2.464985e-03
2.607801e-03
2.794511e-03
3.018199e-03
3.271002e-03
3.545231e-03
3.835060e-03
4.136847e-03
4.448467e-03
4.767126e-03
5.089430e-03
5.414820e-03
5.743006e-03
6.071237e-03
6.399895e-03
6.729171e-03
7.055570e-03
7.379313e-03
7.699811e-03
8.017476e-03
8.335976e-03
8.650604e-03
8.959804e-03
9.263780e-03
9.560852e-03
9.856395e-03
1.014786e-02
1.043319e-02
1.071084e-02
1.098237e-02
1.111834e-02
1.956901e-03
1.995159e-03
2.104123e-03
2.271663e-03
2.486620e-03
2.739067e-03
3.018870e-03
3.317657e-03
3.629921e-03
3.951906e-03
4.281273e-03
4.615689e-03
4.952183e-03
5.290432e-03
5.630494e-03
5.969370e-03
6.307552e-03
6.646126e-03
6.980987e-03
7.311757e-03
7.639088e-03
7.964012e-03
8.289775e-03
8.610319e-03
8.923786e-03
9.232766e-03
9.535758e-03
9.836478e-03
1.013208e-02
1.042122e-02
1.070290e-02
1.097832e-02
1.111617e-02
1.571604e-03
1.619351e-03
1.752936e-03
1.952745e-03
2.201778e-03
2.486444e-03
2.794684e-03
3.118210e-03
3.452352e-03
3.793340e-03
4.138797e-03
4.487332e-03
4.836597e-03
5.186134e-03
5.536250e-03
5.884253e-03
6.230795e-03
6.577254e-03
6.918997e-03
7.255560e-03
7.588852e-03
7.920131e-03
8.251805e-03
8.576831e-03
8.893782e-03
9.207318e-03
9.515339e-03
9.820014e-03
1.011895e-02
1.041148e-02
1.069656e-02
1.097499e-02
1.111423e-02
1.187138e-03
1.249922e-03
1.419772e-03
1.661958e-03
1.950899e-03
2.269883e-03
2.606315e-03
2.953178e-03
3.307241e-03
3.664922e-03
4.024035e-03
4.384467e-03
4.744545e-03
5.103355e-03
5.461474e-03
5.816903e-03
6.170332e-03
6.523062e-03
6.870166e-03
7.211334e-03
7.549465e-03
7.885798e-03
8.222055e-03
8.550583e-03
8.870193e-03
9.187331e-03
9.499671e-03
9.807432e-03
1.010828e-02
1.040335e-02
1.069195e-02
1.097291e-02
1.111286e-02
8.067178e-04
8.961090e-04
1.121968e-03
1.417649e-03
1.749358e-03
2.101159e-03
2.462550e-03
2.829072e-03
3.199347e-03
3.570165e-03
3.939741e-03
4.309267e-03
4.677596e-03
5.043281e-03
5.407196e-03
5.768173e-03
6.126816e-03
6.484001e-03
6.834799e-03
7.179454e-03
7.521308e-03
7.861200e-03
8.200621e-03
8.531693e-03
8.853215e-03
9.172944e-03
9.488485e-03
9.798483e-03
1.010063e-02
1.039752e-02
1.068871e-02
1.097149e-02
1.111192e-02
4.481832e-04
5.875213e-04
8.971178e-04
1.248250e-03
1.616258e-03
1.992911e-03
2.371947e-03
2.751781e-03
3.132734e-03
3.512017e-03
3.888174e-03
4.263387e-03
4.636941e-03
5.006891e-03
5.374255e-03
5.738621e-03
6.100564e-03
6.460489e-03
6.813430e-03
7.160136e-03
7.504360e-03
7.846485e-03
8.187646e-03
8.520195e-03
8.843099e-03
9.164439e-03
9.481714e-03
9.793014e-03
1.009597e-02
1.039393e-02
1.068681e-02
1.097078e-02
1.111145e-02
2.782389e-04
4.502625e-04
8.093756e-04
1.186512e-03
1.569372e-03
1.955471e-03
2.340935e-03
2.725510e-03
3.110205e-03
3.492393e-03
3.870808e-03
4.247994e-03
4.623303e-03
4.994655e-03
5.363218e-03
5.728779e-03
6.091800e-03
6.452558e-03
6.806239e-03
7.153762e-03
7.498747e-03
7.841472e-03
8.183322e-03
8.516497e-03
8.839633e-03
9.161385e-03
9.479549e-03
9.791414e-03
1.009436e-02
1.039259e-02
1.068627e-02
1.097068e-02
1.111134e-02
