1.138741e-02
1.138743e-02
1.138747e-02
1.138737e-02
1.138690e-02
1.138579e-02
1.138386e-02
1.138111e-02
1.137782e-02
1.137444e-02
1.137140e-02
1.136886e-02
1.136651e-02
1.136377e-02
1.136003e-02
1.135505e-02
1.134914e-02
1.134297e-02
1.133721e-02
1.133208e-02
1.132729e-02
1.132230e-02
1.131666e-02
1.131040e-02
1.130393e-02
1.129764e-02
1.129168e-02
1.128572e-02
1.127937e-02
1.127254e-02
1.126536e-02
1.125838e-02
1.125504e-02
1.152189e-02
1.152174e-02
1.152128e-02
1.152037e-02
1.151884e-02
1.151644e-02
1.151295e-02
1.150833e-02
1.150276e-02
1.149666e-02
1.149047e-02
1.148445e-02
1.147846e-02
1.147203e-02
1.146455e-02
1.145567e-02
1.144548e-02
1.143456e-02
1.142357e-02
1.141293e-02
1.140256e-02
1.139202e-02
1.138084e-02
1.136886e-02
1.135635e-02
1.134372e-02
1.133122e-02
1.131878e-02
1.130603e-02
1.129279e-02
1.127909e-02
1.126528e-02
1.125842e-02
1.178738e-02
1.178690e-02
1.178544e-02
1.178295e-02
1.177931e-02
1.177434e-02
1.176779e-02
1.175953e-02
1.174959e-02
1.173826e-02
1.172597e-02
1.171314e-02
1.169993e-02
1.168610e-02
1.167115e-02
1.165456e-02
1.163610e-02
1.161603e-02
1.159494e-02
1.157349e-02
1.155200e-02
1.153034e-02
1.150808e-02
1.148483e-02
1.146052e-02
1.143546e-02
1.141007e-02
1.138461e-02
1.135900e-02
1.133294e-02
1.130628e-02
1.127911e-02
1.126542e-02
1.204585e-02
1.204504e-02
1.204262e-02
1.203859e-02
1.203288e-02
1.202537e-02
1.201586e-02
1.200414e-02
1.199014e-02
1.197399e-02
1.195604e-02
1.193674e-02
1.191646e-02
1.189525e-02
1.187283e-02
1.184868e-02
1.182237e-02
1.179381e-02
1.176334e-02
1.173161e-02
1.169922e-02
1.166642e-02
1.163306e-02
1.159872e-02
1.156309e-02
1.152617e-02
1.148833e-02
1.144997e-02
1.141135e-02
1.137243e-02
1.133293e-02
1.129280e-02
1.127258e-02
1.229712e-02
1.229601e-02
1.229268e-02
1.228715e-02
1.227942e-02
1.226943e-02
1.225700e-02
1.224194e-02
1.222411e-02
1.220351e-02
1.218034e-02
1.215501e-02
1.212796e-02
1.209948e-02
1.206956e-02
1.203786e-02
1.200391e-02
1.196735e-02
1.192821e-02
1.188692e-02
1.184410e-02
1.180033e-02
1.175582e-02
1.171038e-02
1.166365e-02
1.161539e-02
1.156565e-02
1.151482e-02
1.146331e-02
1.141138e-02
1.135903e-02
1.130605e-02
1.127939e-02
1.254104e-02
1.253964e-02
1.253545e-02
1.252850e-02
1.251882e-02
1.250638e-02
1.249108e-02
1.247278e-02
1.245128e-02
1.242650e-02
1.239851e-02
1.236761e-02
1.233421e-02
1.229872e-02
1.226138e-02
1.222210e-02
1.218053e-02
1.213624e-02
1.208898e-02
1.203884e-02
1.198630e-02
1.193201e-02
1.187648e-02
1.181989e-02
1.176207e-02
1.170270e-02
1.164159e-02
1.157884e-02
1.151485e-02
1.145004e-02
1.138469e-02
1.131884e-02
1.128576e-02
1.277745e-02
1.277578e-02
1.277078e-02
1.276248e-02
1.275092e-02
1.273611e-02
1.271801e-02
1.269651e-02
1.267145e-02
1.264271e-02
1.261024e-02
1.257420e-02
1.253491e-02
1.249281e-02
1.244826e-02
1.240144e-02
1.235223e-02
1.230027e-02
1.224519e-02
1.218680e-02
1.212529e-02
1.206116e-02
1.199503e-02
1.192741e-02
1.185844e-02
1.178798e-02
1.171575e-02
1.164161e-02
1.156570e-02
1.148842e-02
1.141021e-02
1.133136e-02
1.129181e-02
1.300621e-02
1.300428e-02
1.299852e-02
1.298894e-02
1.297559e-02
1.295850e-02
1.293766e-02
1.291303e-02
1.288450e-02
1.285193e-02
1.281524e-02
1.277444e-02
1.272973e-02
1.268147e-02
1.263008e-02
1.257591e-02
1.251907e-02
1.245941e-02
1.239661e-02
1.233034e-02
1.226048e-02
1.218726e-02
1.211121e-02
1.203295e-02
1.195294e-02
1.187133e-02
1.178802e-02
1.170276e-02
1.161546e-02
1.152628e-02
1.143562e-02
1.134392e-02
1.129786e-02
1.322717e-02
1.322501e-02
1.321853e-02
1.320774e-02
1.319269e-02
1.317341e-02
1.314993e-02
1.312225e-02
1.309031e-02
1.305403e-02
1.301328e-02
1.296801e-02
1.291830e-02
1.286438e-02
1.280661e-02
1.274542e-02
1.268110e-02
1.261375e-02
1.254322e-02
1.246918e-02
1.239137e-02
1.230974e-02
1.222453e-02
1.213630e-02
1.204563e-02
1.195299e-02
1.185854e-02
1.176219e-02
1.166377e-02
1.156320e-02
1.146067e-02
1.135657e-02
1.130419e-02
1.344020e-02
1.343782e-02
1.343065e-02
1.341873e-02
1.340207e-02
1.338071e-02
1.335469e-02
1.332406e-02
1.328881e-02
1.324889e-02
1.320422e-02
1.315470e-02
1.310031e-02
1.304116e-02
1.297752e-02
1.290977e-02
1.283830e-02
1.276339e-02
1.268511e-02
1.260332e-02
1.251771e-02
1.242808e-02
1.233440e-02
1.223698e-02
1.213632e-02
1.203303e-02
1.192755e-02
1.182009e-02
1.171058e-02
1.159889e-02
1.148500e-02
1.136907e-02
1.131063e-02
1.364518e-02
1.364258e-02
1.363477e-02
1.362176e-02
1.360357e-02
1.358024e-02
1.355182e-02
1.351836e-02
1.347991e-02
1.343645e-02
1.338795e-02
1.333432e-02
1.327550e-02
1.321150e-02
1.314246e-02
1.306866e-02
1.299049e-02
1.290832e-02
1.282242e-02
1.273285e-02
1.263947e-02
1.254202e-02
1.244032e-02
1.233440e-02
1.222454e-02
1.211128e-02
1.199519e-02
1.187673e-02
1.175611e-02
1.163334e-02
1.150833e-02
1.138107e-02
1.131688e-02
1.384197e-02
1.383916e-02
1.383074e-02
1.381670e-02
1.379707e-02
1.377188e-02
1.374118e-02
1.370503e-02
1.366350e-02
1.361662e-02
1.356440e-02
1.350678e-02
1.344370e-02
1.337512e-02
1.330107e-02
1.322172e-02
1.313737e-02
1.304840e-02
1.295518e-02
1.285795e-02
1.275677e-02
1.265153e-02
1.254201e-02
1.242805e-02
1.230971e-02
1.218728e-02
1.206126e-02
1.193224e-02
1.180067e-02
1.166681e-02
1.153072e-02
1.139235e-02
1.132259e-02
1.403046e-02
1.402745e-02
1.401844e-02
1.400342e-02
1.398242e-02
1.395548e-02
1.392263e-02
1.388394e-02
1.383949e-02
1.378932e-02
1.373350e-02
1.367200e-02
1.360479e-02
1.353183e-02
1.345308e-02
1.336861e-02
1.327860e-02
1.318336e-02
1.308326e-02
1.297867e-02
1.286982e-02
1.275679e-02
1.263947e-02
1.251768e-02
1.239132e-02
1.226043e-02
1.212530e-02
1.198644e-02
1.184439e-02
1.169964e-02
1.155249e-02
1.140304e-02
1.132774e-02
1.421052e-02
1.420732e-02
1.419775e-02
1.418181e-02
1.415952e-02
1.413091e-02
1.409604e-02
1.405496e-02
1.400774e-02
1.395446e-02
1.389518e-02
1.382993e-02
1.375872e-02
1.368152e-02
1.359829e-02
1.350902e-02
1.341380e-02
1.331283e-02
1.320641e-02
1.309491e-02
1.297869e-02
1.285798e-02
1.273288e-02
1.260332e-02
1.246914e-02
1.233025e-02
1.218672e-02
1.203884e-02
1.188706e-02
1.173195e-02
1.157398e-02
1.141351e-02
1.133268e-02
1.438203e-02
1.437866e-02
1.436856e-02
1.435174e-02
1.432823e-02
1.429807e-02
1.426130e-02
1.421797e-02
1.416815e-02
1.411192e-02
1.404935e-02
1.398051e-02
1.390544e-02
1.382414e-02
1.373659e-02
1.364277e-02
1.354269e-02
1.343645e-02
1.332426e-02
1.320642e-02
1.308329e-02
1.295524e-02
1.282249e-02
1.268517e-02
1.254323e-02
1.239655e-02
1.224508e-02
1.208887e-02
1.192819e-02
1.176348e-02
1.159529e-02
1.142411e-02
1.133784e-02
1.454488e-02
1.454134e-02
1.453075e-02
1.451311e-02
1.448846e-02
1.445683e-02
1.441828e-02
1.437284e-02
1.432059e-02
1.426159e-02
1.419592e-02
1.412367e-02
1.404489e-02
1.395964e-02
1.386792e-02
1.376973e-02
1.366505e-02
1.355392e-02
1.343645e-02
1.331284e-02
1.318339e-02
1.304847e-02
1.290842e-02
1.276350e-02
1.261384e-02
1.245943e-02
1.230021e-02
1.213611e-02
1.196720e-02
1.179374e-02
1.161613e-02
1.143490e-02
1.134344e-02
1.469896e-02
1.469527e-02
1.468421e-02
1.466581e-02
1.464009e-02
1.460710e-02
1.456687e-02
1.451946e-02
1.446493e-02
1.440335e-02
1.433478e-02
1.425931e-02
1.417703e-02
1.408800e-02
1.399227e-02
1.388987e-02
1.378079e-02
1.366505e-02
1.354268e-02
1.341379e-02
1.327861e-02
1.313742e-02
1.299058e-02
1.283843e-02
1.268125e-02
1.251918e-02
1.235227e-02
1.218047e-02
1.200375e-02
1.182218e-02
1.163598e-02
1.144553e-02
1.134930e-02
1.484417e-02
1.484034e-02
1.482886e-02
1.480975e-02
1.478304e-02
1.474877e-02
1.470698e-02
1.465773e-02
1.460108e-02
1.453708e-02
1.446580e-02
1.438733e-02
1.430175e-02
1.420915e-02
1.410961e-02
1.400317e-02
1.388987e-02
1.376972e-02
1.364275e-02
1.350900e-02
1.336859e-02
1.322174e-02
1.306872e-02
1.290989e-02
1.274558e-02
1.257609e-02
1.240160e-02
1.222217e-02
1.203781e-02
1.184851e-02
1.165433e-02
1.145547e-02
1.135490e-02
1.498042e-02
1.497646e-02
1.496459e-02
1.494482e-02
1.491720e-02
1.488174e-02
1.483851e-02
1.478756e-02
1.472893e-02
1.466268e-02
1.458889e-02
1.450763e-02
1.441898e-02
1.432303e-02
1.421988e-02
1.410961e-02
1.399227e-02
1.386791e-02
1.373656e-02
1.359825e-02
1.345304e-02
1.330104e-02
1.314247e-02
1.297759e-02
1.280674e-02
1.263028e-02
1.244848e-02
1.226158e-02
1.206967e-02
1.187280e-02
1.167098e-02
1.146428e-02
1.135972e-02
1.510761e-02
1.510354e-02
1.509131e-02
1.507095e-02
1.504248e-02
1.500594e-02
1.496138e-02
1.490884e-02
1.484838e-02
1.478006e-02
1.470394e-02
1.462009e-02
1.452860e-02
1.442955e-02
1.432304e-02
1.420916e-02
1.408801e-02
1.395964e-02
1.382412e-02
1.368149e-02
1.353178e-02
1.337506e-02
1.321146e-02
1.304116e-02
1.286444e-02
1.268161e-02
1.249302e-02
1.229898e-02
1.209972e-02
1.189540e-02
1.168610e-02
1.147187e-02
1.136352e-02
1.522569e-02
1.522150e-02
1.520895e-02
1.518804e-02
1.515880e-02
1.512127e-02
1.507548e-02
1.502149e-02
1.495935e-02
1.488911e-02
1.481085e-02
1.472462e-02
1.463051e-02
1.452861e-02
1.441899e-02
1.430177e-02
1.417704e-02
1.404491e-02
1.390544e-02
1.375870e-02
1.360475e-02
1.344364e-02
1.327543e-02
1.310025e-02
1.291828e-02
1.272978e-02
1.253504e-02
1.233442e-02
1.212823e-02
1.191673e-02
1.170011e-02
1.147850e-02
1.136646e-02
1.533456e-02
1.533027e-02
1.531742e-02
1.529602e-02
1.526609e-02
1.522765e-02
1.518076e-02
1.512544e-02
1.506176e-02
1.498977e-02
1.490954e-02
1.482113e-02
1.472463e-02
1.462010e-02
1.450765e-02
1.438736e-02
1.425934e-02
1.412370e-02
1.398053e-02
1.382993e-02
1.367198e-02
1.350673e-02
1.333425e-02
1.315461e-02
1.296793e-02
1.277439e-02
1.257422e-02
1.236771e-02
1.215520e-02
1.193700e-02
1.171341e-02
1.148465e-02
1.136901e-02
1.543417e-02
1.542980e-02
1.541668e-02
1.539483e-02
1.536427e-02
1.532502e-02
1.527711e-02
1.522060e-02
1.515552e-02
1.508195e-02
1.499993e-02
1.490954e-02
1.481086e-02
1.470395e-02
1.458891e-02
1.446583e-02
1.433481e-02
1.419596e-02
1.404939e-02
1.389520e-02
1.373350e-02
1.356437e-02
1.338789e-02
1.320413e-02
1.301317e-02
1.281512e-02
1.261015e-02
1.239848e-02
1.218038e-02
1.195617e-02
1.172618e-02
1.149071e-02
1.137164e-02
1.552446e-02
1.552001e-02
1.550666e-02
1.548441e-02
1.545328e-02
1.541330e-02
1.536449e-02
1.530690e-02
1.524058e-02
1.516557e-02
1.508195e-02
1.498978e-02
1.488912e-02
1.478007e-02
1.466271e-02
1.453711e-02
1.440339e-02
1.426163e-02
1.411197e-02
1.395450e-02
1.378935e-02
1.361663e-02
1.343643e-02
1.324883e-02
1.305392e-02
1.285179e-02
1.264255e-02
1.242635e-02
1.220340e-02
1.197395e-02
1.173830e-02
1.149678e-02
1.137460e-02
1.560539e-02
1.560086e-02
1.558729e-02
1.556469e-02
1.553306e-02
1.549243e-02
1.544282e-02
1.538428e-02
1.531685e-02
1.524058e-02
1.515553e-02
1.506176e-02
1.495936e-02
1.484840e-02
1.472895e-02
1.460111e-02
1.446497e-02
1.432064e-02
1.416820e-02
1.400780e-02
1.383953e-02
1.366353e-02
1.347992e-02
1.328879e-02
1.309024e-02
1.288438e-02
1.267128e-02
1.245108e-02
1.222390e-02
1.198994e-02
1.174945e-02
1.150269e-02
1.137778e-02
1.567690e-02
1.567231e-02
1.565855e-02
1.563563e-02
1.560356e-02
1.556236e-02
1.551206e-02
1.545269e-02
1.538428e-02
1.530690e-02
1.522060e-02
1.512545e-02
1.502150e-02
1.490886e-02
1.478758e-02
1.465777e-02
1.451950e-02
1.437289e-02
1.421802e-02
1.405502e-02
1.388400e-02
1.370508e-02
1.351839e-02
1.332407e-02
1.312221e-02
1.291294e-02
1.269636e-02
1.247258e-02
1.224170e-02
1.200386e-02
1.175925e-02
1.150807e-02
1.138088e-02
1.573895e-02
1.573431e-02
1.572039e-02
1.569720e-02
1.566475e-02
1.562306e-02
1.557215e-02
1.551206e-02
1.544283e-02
1.536449e-02
1.527712e-02
1.518076e-02
1.507550e-02
1.496139e-02
1.483854e-02
1.470701e-02
1.456691e-02
1.441832e-02
1.426134e-02
1.409609e-02
1.392268e-02
1.374123e-02
1.355186e-02
1.335472e-02
1.314992e-02
1.293761e-02
1.271791e-02
1.249093e-02
1.225677e-02
1.201558e-02
1.176746e-02
1.151260e-02
1.138350e-02
1.579152e-02
1.578684e-02
1.577278e-02
1.574935e-02
1.571658e-02
1.567447e-02
1.562306e-02
1.556236e-02
1.549243e-02
1.541330e-02
1.532502e-02
1.522766e-02
1.512128e-02
1.500595e-02
1.488176e-02
1.474879e-02
1.460713e-02
1.445687e-02
1.429811e-02
1.413096e-02
1.395552e-02
1.377192e-02
1.358028e-02
1.338074e-02
1.317342e-02
1.295848e-02
1.273605e-02
1.250627e-02
1.226926e-02
1.202514e-02
1.177405e-02
1.151609e-02
1.138542e-02
1.583457e-02
1.582985e-02
1.581568e-02
1.579206e-02
1.575903e-02
1.571658e-02
1.566475e-02
1.560356e-02
1.553306e-02
1.545328e-02
1.536427e-02
1.526609e-02
1.515881e-02
1.504249e-02
1.491721e-02
1.478305e-02
1.464011e-02
1.448848e-02
1.432826e-02
1.415955e-02
1.398246e-02
1.379710e-02
1.360360e-02
1.340209e-02
1.319271e-02
1.297559e-02
1.275089e-02
1.251876e-02
1.227932e-02
1.203273e-02
1.177910e-02
1.151858e-02
1.138660e-02
1.586808e-02
1.586333e-02
1.584907e-02
1.582531e-02
1.579206e-02
1.574935e-02
1.569720e-02
1.563563e-02
1.556469e-02
1.548441e-02
1.539483e-02
1.529603e-02
1.518804e-02
1.507095e-02
1.494483e-02
1.480976e-02
1.466582e-02
1.451312e-02
1.435176e-02
1.418183e-02
1.400344e-02
1.381672e-02
1.362178e-02
1.341875e-02
1.320776e-02
1.298895e-02
1.276247e-02
1.252847e-02
1.228710e-02
1.203850e-02
1.178283e-02
1.152021e-02
1.138718e-02
1.589203e-02
1.588725e-02
1.587293e-02
1.584907e-02
1.581568e-02
1.577278e-02
1.572039e-02
1.565855e-02
1.558730e-02
1.550666e-02
1.541668e-02
1.531743e-02
1.520895e-02
1.509131e-02
1.496459e-02
1.482886e-02
1.468422e-02
1.453075e-02
1.436857e-02
1.419776e-02
1.401845e-02
1.383075e-02
1.363478e-02
1.343066e-02
1.321853e-02
1.299852e-02
1.277078e-02
1.253544e-02
1.229266e-02
1.204259e-02
1.178538e-02
1.152120e-02
1.138738e-02
1.590640e-02
1.590161e-02
1.588725e-02
1.586333e-02
1.582985e-02
1.578684e-02
1.573431e-02
1.567231e-02
1.560086e-02
1.552001e-02
1.542980e-02
1.533027e-02
1.522150e-02
1.510354e-02
1.497646e-02
1.484034e-02
1.469527e-02
1.454134e-02
1.437866e-02
1.420733e-02
1.402746e-02
1.383917e-02
1.364258e-02
1.343782e-02
1.322501e-02
1.300429e-02
1.277578e-02
1.253964e-02
1.229600e-02
1.204503e-02
1.178688e-02
1.152172e-02
1.138741e-02
1.591120e-02
1.590640e-02
1.589203e-02
1.586808e-02
1.583457e-02
1.579152e-02
1.573895e-02
1.567690e-02
1.560539e-02
1.552446e-02
1.543417e-02
1.533456e-02
1.522569e-02
1.510761e-02
1.498042e-02
1.484417e-02
1.469896e-02
1.454488e-02
1.438203e-02
1.421052e-02
1.403046e-02
1.384198e-02
1.364518e-02
1.344020e-02
1.322717e-02
1.300621e-02
1.277745e-02
1.254104e-02
1.229712e-02
1.204585e-02
1.178738e-02
1.152188e-02
1.138740e-02
