1.111166e-02
1.097049e-02
1.068494e-02
1.039302e-02
1.009489e-02
9.790698e-03
9.480576e-03
9.164661e-03
8.843099e-03
8.516049e-03
8.183689e-03
7.846221e-03
7.503871e-03
7.156885e-03
6.805526e-03
6.450066e-03
6.090775e-03
5.727921e-03
5.361760e-03
4.992537e-03
4.620485e-03
4.245827e-03
3.868786e-03
3.489586e-03
3.108463e-03
2.725679e-03
2.341540e-03
1.956439e-03
1.570962e-03
1.186211e-03
8.052409e-04
4.451520e-04
2.740262e-04
1.111201e-02
1.097101e-02
1.068579e-02
1.039420e-02
1.009639e-02
9.792505e-03
9.482699e-03
9.167123e-03
8.845942e-03
8.519336e-03
8.187502e-03
7.850658e-03
7.509038e-03
7.162889e-03
6.812471e-03
6.458045e-03
6.099874e-03
5.738220e-03
5.373340e-03
5.005492e-03
4.634936e-03
4.261942e-03
3.886803e-03
3.509846e-03
3.131458e-03
2.752130e-03
2.372533e-03
1.993691e-03
1.617381e-03
1.247227e-03
8.922622e-04
5.817138e-04
4.432117e-04
1.111298e-02
1.097248e-02
1.068825e-02
1.039763e-02
1.010078e-02
9.797868e-03
9.489072e-03
9.174589e-03
8.854635e-03
8.529438e-03
8.199239e-03
7.864286e-03
7.524828e-03
7.181114e-03
6.833391e-03
6.481906e-03
6.126909e-03
5.768660e-03
5.407439e-03
5.043556e-03
4.677362e-03
4.309266e-03
3.939762e-03
3.569461e-03
3.199161e-03
2.829951e-03
2.463430e-03
2.102124e-03
1.750390e-03
1.416490e-03
1.117631e-03
8.914243e-04
8.029521e-04
1.111438e-02
1.097468e-02
1.069206e-02
1.040306e-02
1.010787e-02
9.806692e-03
9.499751e-03
9.187301e-03
8.869608e-03
8.546947e-03
8.219592e-03
7.887808e-03
7.551849e-03
7.211961e-03
6.868385e-03
6.521369e-03
6.171180e-03
5.818123e-03
5.462552e-03
5.104890e-03
4.745646e-03
4.385449e-03
4.025079e-03
3.665539e-03
3.308156e-03
2.954764e-03
2.608028e-03
2.272014e-03
1.953250e-03
1.662628e-03
1.418460e-03
1.249144e-03
1.187431e-03
1.111595e-02
1.097734e-02
1.069694e-02
1.041026e-02
1.011753e-02
9.818990e-03
9.514925e-03
9.205623e-03
8.891378e-03
8.572474e-03
8.249185e-03
7.921768e-03
7.590472e-03
7.255545e-03
6.917253e-03
6.575892e-03
6.231806e-03
5.885407e-03
5.537185e-03
5.187731e-03
4.837759e-03
4.488139e-03
4.139953e-03
3.794581e-03
3.453840e-03
3.120203e-03
2.797147e-03
2.489706e-03
2.205299e-03
1.954837e-03
1.753678e-03
1.620870e-03
1.574096e-03
1.111746e-02
1.098026e-02
1.070277e-02
1.041920e-02
1.012984e-02
9.834974e-03
9.534900e-03
9.229910e-03
8.920282e-03
8.606273e-03
8.288129e-03
7.966095e-03
7.640427e-03
7.311417e-03
6.979399e-03
6.644777e-03
6.308022e-03
5.969695e-03
5.630446e-03
5.291041e-03
4.952381e-03
4.615548e-03
4.281873e-03
3.953038e-03
3.631223e-03
3.319325e-03
3.021261e-03
2.742373e-03
2.489916e-03
2.273460e-03
2.104798e-03
1.996584e-03
1.959154e-03
1.111886e-02
1.098345e-02
1.070966e-02
1.043012e-02
1.014512e-02
9.854972e-03
9.559945e-03
9.260293e-03
8.956248e-03
8.648034e-03
8.335885e-03
8.020065e-03
7.700889e-03
7.378737e-03
7.054063e-03
6.727395e-03
6.399341e-03
6.070589e-03
5.741915e-03
5.414210e-03
5.088507e-03
4.766050e-03
4.448358e-03
4.137347e-03
3.835448e-03
3.545804e-03
3.272463e-03
3.020618e-03
2.796788e-03
2.608815e-03
2.465432e-03
2.375100e-03
2.344194e-03
1.112032e-02
1.098712e-02
1.071794e-02
1.044338e-02
1.016371e-02
9.879195e-03
9.590060e-03
9.296507e-03
8.998741e-03
8.696990e-03
8.391533e-03
8.082713e-03
7.770951e-03
7.456741e-03
7.140652e-03
6.823307e-03
6.505398e-03
6.187677e-03
5.870991e-03
5.556299e-03
5.244740e-03
4.937679e-03
4.636796e-03
4.344170e-03
4.062384e-03
3.794636e-03
3.544854e-03
3.317783e-03
3.118981e-03
2.954657e-03
2.831196e-03
2.754366e-03
2.728258e-03
1.112219e-02
1.099165e-02
1.072799e-02
1.045927e-02
1.018571e-02
9.907512e-03
9.624855e-03
9.337929e-03
9.046974e-03
8.752293e-03
8.454266e-03
8.153354e-03
7.850082e-03
7.545030e-03
7.238816e-03
6.932100e-03
6.625586e-03
6.320053e-03
6.016389e-03
5.715629e-03
5.419017e-03
5.128036e-03
4.844489e-03
4.570516e-03
4.308699e-03
4.062073e-03
3.834225e-03
3.629265e-03
3.451798e-03
3.306703e-03
3.198755e-03
3.132092e-03
3.109527e-03
1.112482e-02
1.099736e-02
1.073998e-02
1.047775e-02
1.021085e-02
9.939421e-03
9.663666e-03
9.383842e-03
9.100288e-03
8.813426e-03
8.523753e-03
8.231810e-03
7.938174e-03
7.643430e-03
7.348187e-03
7.053089e-03
6.758840e-03
6.466258e-03
6.176291e-03
5.890083e-03
5.608959e-03
5.334509e-03
5.068542e-03
4.813184e-03
4.570844e-03
4.344305e-03
4.136696e-03
3.951510e-03
3.792513e-03
3.663545e-03
3.568272e-03
3.509724e-03
3.489976e-03
1.112840e-02
1.100431e-02
1.075374e-02
1.049843e-02
1.023854e-02
9.974259e-03
9.705883e-03
9.433791e-03
9.158443e-03
8.880362e-03
8.600090e-03
8.318177e-03
8.035164e-03
7.751598e-03
7.468063e-03
7.185201e-03
6.903774e-03
6.624658e-03
6.348907e-03
6.077710e-03
5.812450e-03
5.554674e-03
5.306135e-03
5.068821e-03
4.844958e-03
4.637080e-03
4.447942e-03
4.280553e-03
4.137979e-03
4.023240e-03
3.939051e-03
3.887583e-03
3.870271e-03
1.113277e-02
1.101223e-02
1.076879e-02
1.052070e-02
1.026818e-02
1.001156e-02
9.751257e-03
9.487767e-03
9.221616e-03
8.953331e-03
8.683417e-03
8.412359e-03
8.140639e-03
7.868789e-03
7.597405e-03
7.327210e-03
7.059035e-03
6.793852e-03
6.532745e-03
6.276909e-03
6.027676e-03
5.786478e-03
5.554973e-03
5.334946e-03
5.128494e-03
4.937841e-03
4.765469e-03
4.613896e-03
4.485646e-03
4.383085e-03
4.308211e-03
4.262648e-03
4.247322e-03
1.113748e-02
1.102061e-02
1.078455e-02
1.054406e-02
1.029948e-02
1.005128e-02
9.799968e-03
9.546063e-03
9.290057e-03
9.032394e-03
8.773499e-03
8.513795e-03
8.253775e-03
7.994001e-03
7.735171e-03
7.478073e-03
7.223605e-03
6.972748e-03
6.726542e-03
6.486145e-03
6.252775e-03
6.027843e-03
5.812862e-03
5.609551e-03
5.419748e-03
5.245413e-03
5.088587e-03
4.951295e-03
4.835559e-03
4.743226e-03
4.675954e-03
4.635032e-03
4.621293e-03
1.114200e-02
1.102894e-02
1.080070e-02
1.056842e-02
1.033260e-02
1.009375e-02
9.852365e-03
9.608890e-03
9.363701e-03
9.117162e-03
8.869648e-03
8.621623e-03
8.373639e-03
8.126366e-03
7.880568e-03
7.637056e-03
7.396716e-03
7.160430e-03
6.929196e-03
6.704055e-03
6.486214e-03
6.277010e-03
6.077888e-03
5.890473e-03
5.716336e-03
5.557225e-03
5.414717e-03
5.290515e-03
5.186153e-03
5.103123e-03
5.042767e-03
5.006061e-03
4.993787e-03
1.114602e-02
1.103707e-02
1.081731e-02
1.059410e-02
1.036795e-02
1.013932e-02
9.908587e-03
9.676059e-03
9.442047e-03
9.206892e-03
8.971043e-03
8.735049e-03
8.499559e-03
8.265302e-03
8.033008e-03
7.803471e-03
7.577447e-03
7.355814e-03
7.139470e-03
6.929464e-03
6.726939e-03
6.533111e-03
6.349316e-03
6.176872e-03
6.017225e-03
5.871779e-03
5.742018e-03
5.629368e-03
5.535176e-03
5.460638e-03
5.406699e-03
5.374064e-03
5.363138e-03
1.114965e-02
1.104522e-02
1.083482e-02
1.062157e-02
1.040587e-02
1.018805e-02
9.968334e-03
9.747001e-03
9.524370e-03
9.300884e-03
9.077100e-03
8.853639e-03
8.631186e-03
8.410386e-03
8.191921e-03
7.976454e-03
7.764728e-03
7.557586e-03
7.355935e-03
7.160843e-03
6.973339e-03
6.794568e-03
6.625620e-03
6.467611e-03
6.321762e-03
6.189202e-03
6.071291e-03
5.969147e-03
5.884001e-03
5.816781e-03
5.768227e-03
5.738942e-03
5.729094e-03
1.115335e-02
1.105389e-02
1.085370e-02
1.065108e-02
1.044630e-02
1.023953e-02
1.003101e-02
9.821064e-03
9.610127e-03
9.398767e-03
9.187572e-03
8.977182e-03
8.768149e-03
8.561066e-03
8.356505e-03
8.155107e-03
7.957640e-03
7.764874e-03
7.577778e-03
7.397192e-03
7.224152e-03
7.059563e-03
6.904482e-03
6.759935e-03
6.626973e-03
6.506669e-03
6.399957e-03
6.307795e-03
6.230958e-03
6.170246e-03
6.126293e-03
6.099686e-03
6.090763e-03
1.115766e-02
1.106353e-02
1.087410e-02
1.068247e-02
1.048877e-02
1.029320e-02
1.009608e-02
9.897884e-03
9.699156e-03
9.500458e-03
9.302355e-03
9.105325e-03
8.909857e-03
8.716469e-03
8.525735e-03
8.338380e-03
8.155123e-03
7.976787e-03
7.804137e-03
7.637928e-03
7.478974e-03
7.328044e-03
7.186083e-03
7.054013e-03
6.932781e-03
6.823380e-03
6.726534e-03
6.643129e-03
6.573703e-03
6.518940e-03
6.479379e-03
6.455385e-03
6.447418e-03
1.116284e-02
1.107420e-02
1.089580e-02
1.071526e-02
1.053275e-02
1.034863e-02
1.016334e-02
9.977444e-03
9.791457e-03
9.605872e-03
9.421091e-03
9.237505e-03
9.055599e-03
8.875853e-03
8.698978e-03
8.525582e-03
8.356433e-03
8.192194e-03
8.033531e-03
7.881221e-03
7.735871e-03
7.598393e-03
7.469379e-03
7.349721e-03
7.240025e-03
7.141081e-03
7.053602e-03
6.978291e-03
6.915883e-03
6.866848e-03
6.831669e-03
6.810457e-03
6.803416e-03
1.116872e-02
1.108561e-02
1.091831e-02
1.074898e-02
1.057798e-02
1.040576e-02
1.023288e-02
1.005979e-02
9.886914e-03
9.714573e-03
9.543101e-03
9.372942e-03
9.204574e-03
9.038643e-03
8.875730e-03
8.716448e-03
8.561349e-03
8.410953e-03
8.265869e-03
8.126741e-03
7.994289e-03
7.869296e-03
7.752440e-03
7.644418e-03
7.545835e-03
7.457200e-03
7.379198e-03
7.312205e-03
7.256882e-03
7.213502e-03
7.182366e-03
7.163704e-03
7.157396e-03
1.117486e-02
1.109731e-02
1.094124e-02
1.078348e-02
1.062449e-02
1.046478e-02
1.030477e-02
1.014478e-02
9.985099e-03
9.825962e-03
9.667814e-03
9.511086e-03
9.356392e-03
9.204293e-03
9.055271e-03
8.909928e-03
8.768578e-03
8.631919e-03
8.500322e-03
8.374481e-03
8.254932e-03
8.142195e-03
8.037005e-03
7.939771e-03
7.851344e-03
7.772088e-03
7.702634e-03
7.643230e-03
7.594140e-03
7.555606e-03
7.527775e-03
7.510990e-03
7.505329e-03
1.118083e-02
1.110899e-02
1.096456e-02
1.081891e-02
1.067251e-02
1.052571e-02
1.037877e-02
1.023191e-02
1.008533e-02
9.939476e-03
9.794767e-03
9.651778e-03
9.510968e-03
9.372748e-03
9.237515e-03
9.105619e-03
8.977578e-03
8.853912e-03
8.735247e-03
8.622122e-03
8.515075e-03
8.414486e-03
8.320827e-03
8.234455e-03
8.155806e-03
8.085357e-03
8.023335e-03
7.970273e-03
7.926221e-03
7.891620e-03
7.866662e-03
7.851502e-03
7.846527e-03
1.118658e-02
1.112072e-02
1.098849e-02
1.085551e-02
1.072206e-02
1.058831e-02
1.045443e-02
1.032061e-02
1.018725e-02
1.005480e-02
9.923743e-03
9.794589e-03
9.667568e-03
9.543144e-03
9.421509e-03
9.303109e-03
9.188422e-03
9.077731e-03
8.971760e-03
8.870619e-03
8.775091e-03
8.685372e-03
8.602013e-03
8.525342e-03
8.455490e-03
8.392848e-03
8.337462e-03
8.289857e-03
8.250305e-03
8.219284e-03
8.197009e-03
8.183645e-03
8.179179e-03
1.119238e-02
1.113277e-02
1.101328e-02
1.089326e-02
1.077281e-02
1.065207e-02
1.053120e-02
1.041062e-02
1.029074e-02
1.017203e-02
1.005484e-02
9.939362e-03
9.825917e-03
9.714691e-03
9.606200e-03
9.500832e-03
9.399116e-03
9.301393e-03
9.207966e-03
9.119099e-03
9.034986e-03
8.956016e-03
8.882398e-03
8.814572e-03
8.752796e-03
8.697351e-03
8.648686e-03
8.606877e-03
8.572475e-03
8.545498e-03
8.526152e-03
8.514639e-03
8.510656e-03
1.119853e-02
1.114541e-02
1.103890e-02
1.093186e-02
1.082437e-02
1.071660e-02
1.060893e-02
1.050183e-02
1.039565e-02
1.029078e-02
1.018729e-02
1.008543e-02
9.985441e-03
9.887487e-03
9.792197e-03
9.699605e-03
9.610357e-03
9.524574e-03
9.442596e-03
9.364902e-03
9.291401e-03
9.222727e-03
9.158638e-03
9.099740e-03
9.046164e-03
8.998432e-03
8.956907e-03
8.921748e-03
8.893077e-03
8.870726e-03
8.854781e-03
8.845085e-03
8.841927e-03
1.120519e-02
1.115856e-02
1.106498e-02
1.097087e-02
1.087635e-02
1.078184e-02
1.068776e-02
1.059442e-02
1.050208e-02
1.041072e-02
1.032061e-02
1.023184e-02
1.014490e-02
1.006015e-02
9.977876e-03
9.898415e-03
9.821708e-03
9.748079e-03
9.677512e-03
9.610418e-03
9.547016e-03
9.487623e-03
9.432618e-03
9.382190e-03
9.336682e-03
9.296347e-03
9.261179e-03
9.231549e-03
9.207152e-03
9.188241e-03
9.174761e-03
9.166501e-03
9.163962e-03
1.121211e-02
1.117191e-02
1.109123e-02
1.101007e-02
1.092880e-02
1.084788e-02
1.076755e-02
1.068801e-02
1.060929e-02
1.053136e-02
1.045458e-02
1.037899e-02
1.030514e-02
1.023316e-02
1.016327e-02
1.009591e-02
1.003084e-02
9.968816e-03
9.909448e-03
9.853284e-03
9.800308e-03
9.750739e-03
9.705117e-03
9.663383e-03
9.626004e-03
9.592613e-03
9.563388e-03
9.538071e-03
9.517004e-03
9.500301e-03
9.488245e-03
9.481048e-03
9.478564e-03
1.121887e-02
1.118514e-02
1.111743e-02
1.104959e-02
1.098201e-02
1.091486e-02
1.084833e-02
1.078219e-02
1.071664e-02
1.065183e-02
1.058807e-02
1.052586e-02
1.046515e-02
1.040633e-02
1.034907e-02
1.029366e-02
1.024014e-02
1.018874e-02
1.013986e-02
1.009360e-02
1.005032e-02
1.001015e-02
9.973148e-03
9.939475e-03
9.909025e-03
9.881756e-03
9.857891e-03
9.837063e-03
9.819928e-03
9.806158e-03
9.796184e-03
9.790258e-03
9.788050e-03
1.122539e-02
1.119818e-02
1.114378e-02
1.108960e-02
1.103582e-02
1.098243e-02
1.092939e-02
1.087656e-02
1.082427e-02
1.077264e-02
1.072199e-02
1.067264e-02
1.062438e-02
1.057781e-02
1.053251e-02
1.048901e-02
1.044720e-02
1.040702e-02
1.036903e-02
1.033282e-02
1.029922e-02
1.026779e-02
1.023887e-02
1.021215e-02
1.018771e-02
1.016578e-02
1.014652e-02
1.013043e-02
1.011730e-02
1.010738e-02
1.010028e-02
1.009604e-02
1.009467e-02
1.123164e-02
1.121125e-02
1.117063e-02
1.113025e-02
1.109019e-02
1.105013e-02
1.101013e-02
1.097046e-02
1.093125e-02
1.089314e-02
1.085579e-02
1.081954e-02
1.078402e-02
1.074927e-02
1.071561e-02
1.068290e-02
1.065176e-02
1.062203e-02
1.059403e-02
1.056771e-02
1.054310e-02
1.052002e-02
1.049871e-02
1.047879e-02
1.046082e-02
1.044467e-02
1.043055e-02
1.041896e-02
1.040936e-02
1.040245e-02
1.039753e-02
1.039468e-02
1.039387e-02
1.123813e-02
1.122464e-02
1.119782e-02
1.117115e-02
1.114449e-02
1.111767e-02
1.109091e-02
1.106449e-02
1.103848e-02
1.101331e-02
1.098855e-02
1.096463e-02
1.094134e-02
1.091862e-02
1.089692e-02
1.087552e-02
1.085534e-02
1.083575e-02
1.081741e-02
1.080011e-02
1.078371e-02
1.076843e-02
1.075398e-02
1.074104e-02
1.072938e-02
1.071943e-02
1.071080e-02
1.070336e-02
1.069712e-02
1.069196e-02
1.068820e-02
1.068594e-02
1.068510e-02
1.124510e-02
1.123846e-02
1.122532e-02
1.121195e-02
1.119824e-02
1.118460e-02
1.117101e-02
1.115817e-02
1.114565e-02
1.113349e-02
1.112156e-02
1.110941e-02
1.109773e-02
1.108604e-02
1.107504e-02
1.106448e-02
1.105455e-02
1.104514e-02
1.103626e-02
1.102769e-02
1.101960e-02
1.101202e-02
1.100492e-02
1.099896e-02
1.099344e-02
1.098915e-02
1.098535e-02
1.098205e-02
1.097936e-02
1.097670e-02
1.097471e-02
1.097334e-02
1.097274e-02
1.124864e-02
1.124548e-02
1.123920e-02
1.123234e-02
1.122507e-02
1.121790e-02
1.121071e-02
1.120459e-02
1.119873e-02
1.119330e-02
1.118817e-02
1.118222e-02
1.117663e-02
1.117021e-02
1.116412e-02
1.115841e-02
1.115289e-02
1.114821e-02
1.114355e-02
1.113914e-02
1.113504e-02
1.113121e-02
1.112795e-02
1.112534e-02
1.112291e-02
1.112111e-02
1.111946e-02
1.111822e-02
1.111733e-02
1.111641e-02
1.111570e-02
1.111510e-02
1.111485e-02
