1.000000e+00
4.998265e-01
4.996530e-01
4.994798e-01
4.993069e-01
4.991344e-01
4.989625e-01
4.987911e-01
4.986205e-01
4.984507e-01
4.982819e-01
4.981141e-01
4.979474e-01
4.977819e-01
4.976178e-01
4.974552e-01
4.972940e-01
4.971345e-01
4.969767e-01
4.968208e-01
4.966667e-01
4.965147e-01
4.963647e-01
4.962170e-01
4.960715e-01
4.959284e-01
4.957878e-01
4.956497e-01
4.955142e-01
4.953814e-01
4.952514e-01
4.951242e-01
4.950000e-01
1.000000e+00
4.998223e-01
4.996446e-01
4.994672e-01
4.992901e-01
4.991134e-01
4.989373e-01
4.987618e-01
4.985871e-01
4.984132e-01
4.982402e-01
4.980683e-01
4.978976e-01
4.977282e-01
4.975601e-01
4.973935e-01
4.972284e-01
4.970651e-01
4.969034e-01
4.967437e-01
4.965859e-01
4.964302e-01
4.962766e-01
4.961253e-01
4.959763e-01
4.958297e-01
4.956857e-01
4.955442e-01
4.954054e-01
4.952694e-01
4.951363e-01
4.950060e-01
4.948788e-01
1.000000e+00
4.998182e-01
4.996364e-01
4.994549e-01
4.992737e-01
4.990930e-01
4.989128e-01
4.987333e-01
4.985545e-01
4.983766e-01
4.981996e-01
4.980238e-01
4.978491e-01
4.976758e-01
4.975038e-01
4.973334e-01
4.971645e-01
4.969974e-01
4.968320e-01
4.966686e-01
4.965072e-01
4.963479e-01
4.961907e-01
4.960359e-01
4.958835e-01
4.957335e-01
4.955862e-01
4.954414e-01
4.952995e-01
4.951603e-01
4.950241e-01
4.948908e-01
4.947607e-01
1.000000e+00
4.998142e-01
4.996285e-01
4.994430e-01
4.992578e-01
4.990731e-01
4.988889e-01
4.987055e-01
4.985228e-01
4.983409e-01
4.981601e-01
4.979804e-01
4.978019e-01
4.976248e-01
4.974490e-01
4.972748e-01
4.971023e-01
4.969315e-01
4.967625e-01
4.965955e-01
4.964305e-01
4.962677e-01
4.961072e-01
4.959490e-01
4.957932e-01
4.956399e-01
4.954893e-01
4.953414e-01
4.951963e-01
4.950541e-01
4.949149e-01
4.947787e-01
4.946457e-01
1.000000e+00
4.998103e-01
4.996207e-01
4.994313e-01
4.992423e-01
4.990538e-01
4.988658e-01
4.986784e-01
4.984919e-01
4.983063e-01
4.981217e-01
4.979383e-01
4.977561e-01
4.975752e-01
4.973958e-01
4.972180e-01
4.970418e-01
4.968674e-01
4.966950e-01
4.965245e-01
4.963561e-01
4.961898e-01
4.960259e-01
4.958644e-01
4.957054e-01
4.955489e-01
4.953952e-01
4.952442e-01
4.950961e-01
4.949509e-01
4.948088e-01
4.946698e-01
4.945340e-01
1.000000e+00
4.998065e-01
4.996132e-01
4.994201e-01
4.992273e-01
4.990350e-01
4.988433e-01
4.986522e-01
4.984620e-01
4.982727e-01
4.980845e-01
4.978974e-01
4.977116e-01
4.975271e-01
4.973441e-01
4.971628e-01
4.969831e-01
4.968053e-01
4.966294e-01
4.964555e-01
4.962838e-01
4.961143e-01
4.959471e-01
4.957824e-01
4.956202e-01
4.954606e-01
4.953038e-01
4.951498e-01
4.949988e-01
4.948507e-01
4.947058e-01
4.945640e-01
4.944255e-01
1.000000e+00
4.998029e-01
4.996059e-01
4.994091e-01
4.992127e-01
4.990168e-01
4.988214e-01
4.986268e-01
4.984330e-01
4.982402e-01
4.980484e-01
4.978577e-01
4.976684e-01
4.974805e-01
4.972941e-01
4.971093e-01
4.969263e-01
4.967451e-01
4.965658e-01
4.963887e-01
4.962137e-01
4.960410e-01
4.958707e-01
4.957029e-01
4.955376e-01
4.953751e-01
4.952153e-01
4.950584e-01
4.949045e-01
4.947537e-01
4.946060e-01
4.944616e-01
4.943205e-01
1.000000e+00
4.997994e-01
4.995988e-01
4.993985e-01
4.991986e-01
4.989992e-01
4.988004e-01
4.986022e-01
4.984050e-01
4.982087e-01
4.980134e-01
4.978194e-01
4.976267e-01
4.974354e-01
4.972456e-01
4.970576e-01
4.968712e-01
4.966868e-01
4.965044e-01
4.963240e-01
4.961459e-01
4.959701e-01
4.957968e-01
4.956259e-01
4.954577e-01
4.952923e-01
4.951297e-01
4.949700e-01
4.948133e-01
4.946598e-01
4.945094e-01
4.943624e-01
4.942188e-01
1.000000e+00
4.997959e-01
4.995920e-01
4.993883e-01
4.991850e-01
4.989822e-01
4.987800e-01
4.985785e-01
4.983779e-01
4.981782e-01
4.979797e-01
4.977824e-01
4.975864e-01
4.973918e-01
4.971989e-01
4.970076e-01
4.968181e-01
4.966305e-01
4.964450e-01
4.962616e-01
4.960805e-01
4.959017e-01
4.957254e-01
4.955517e-01
4.953806e-01
4.952123e-01
4.950469e-01
4.948845e-01
4.947252e-01
4.945691e-01
4.944162e-01
4.942667e-01
4.941206e-01
1.000000e+00
4.997927e-01
4.995855e-01
4.993785e-01
4.991719e-01
4.989658e-01
4.987603e-01
4.985556e-01
4.983518e-01
4.981489e-01
4.979472e-01
4.977467e-01
4.975475e-01
4.973498e-01
4.971538e-01
4.969594e-01
4.967669e-01
4.965763e-01
4.963878e-01
4.962014e-01
4.960174e-01
4.958357e-01
4.956566e-01
4.954801e-01
4.953062e-01
4.951353e-01
4.949672e-01
4.948022e-01
4.946403e-01
4.944816e-01
4.943263e-01
4.941744e-01
4.940260e-01
1.000000e+00
4.997895e-01
4.995791e-01
4.993690e-01
4.991593e-01
4.989500e-01
4.987415e-01
4.985336e-01
4.983267e-01
4.981207e-01
4.979159e-01
4.977123e-01
4.975101e-01
4.973095e-01
4.971104e-01
4.969131e-01
4.967176e-01
4.965241e-01
4.963327e-01
4.961436e-01
4.959567e-01
4.957723e-01
4.955904e-01
4.954112e-01
4.952347e-01
4.950611e-01
4.948905e-01
4.947230e-01
4.945586e-01
4.943975e-01
4.942398e-01
4.940856e-01
4.939349e-01
1.000000e+00
4.997865e-01
4.995731e-01
4.993599e-01
4.991472e-01
4.989349e-01
4.987233e-01
4.985125e-01
4.983025e-01
4.980936e-01
4.978859e-01
4.976794e-01
4.974743e-01
4.972707e-01
4.970688e-01
4.968686e-01
4.966703e-01
4.964740e-01
4.962799e-01
4.960880e-01
4.958984e-01
4.957114e-01
4.955269e-01
4.953451e-01
4.951661e-01
4.949900e-01
4.948169e-01
4.946469e-01
4.944802e-01
4.943168e-01
4.941569e-01
4.940004e-01
4.938476e-01
1.000000e+00
4.997836e-01
4.995673e-01
4.993512e-01
4.991356e-01
4.989204e-01
4.987060e-01
4.984923e-01
4.982795e-01
4.980677e-01
4.978571e-01
4.976478e-01
4.974399e-01
4.972336e-01
4.970289e-01
4.968260e-01
4.966250e-01
4.964261e-01
4.962293e-01
4.960348e-01
4.958427e-01
4.956530e-01
4.954660e-01
4.952817e-01
4.951003e-01
4.949218e-01
4.947464e-01
4.945741e-01
4.944052e-01
4.942395e-01
4.940774e-01
4.939188e-01
4.937639e-01
1.000000e+00
4.997808e-01
4.995617e-01
4.993429e-01
4.991245e-01
4.989066e-01
4.986894e-01
4.984729e-01
4.982574e-01
4.980429e-01
4.978296e-01
4.976177e-01
4.974071e-01
4.971981e-01
4.969908e-01
4.967853e-01
4.965818e-01
4.963803e-01
4.961810e-01
4.959840e-01
4.957894e-01
4.955973e-01
4.954079e-01
4.952213e-01
4.950375e-01
4.948567e-01
4.946791e-01
4.945046e-01
4.943334e-01
4.941657e-01
4.940015e-01
4.938409e-01
4.936840e-01
1.000000e+00
4.997781e-01
4.995564e-01
4.993350e-01
4.991139e-01
4.988934e-01
4.986736e-01
4.984545e-01
4.982364e-01
4.980193e-01
4.978035e-01
4.975889e-01
4.973759e-01
4.971644e-01
4.969546e-01
4.967466e-01
4.965406e-01
4.963367e-01
4.961349e-01
4.959356e-01
4.957386e-01
4.955443e-01
4.953526e-01
4.951637e-01
4.949777e-01
4.947948e-01
4.946149e-01
4.944384e-01
4.942652e-01
4.940954e-01
4.939292e-01
4.937666e-01
4.936078e-01
1.000000e+00
4.997756e-01
4.995514e-01
4.993275e-01
4.991039e-01
4.988809e-01
4.986586e-01
4.984370e-01
4.982165e-01
4.979970e-01
4.977787e-01
4.975617e-01
4.973462e-01
4.971323e-01
4.969201e-01
4.967098e-01
4.965015e-01
4.962952e-01
4.960912e-01
4.958896e-01
4.956904e-01
4.954939e-01
4.953000e-01
4.951090e-01
4.949209e-01
4.947359e-01
4.945541e-01
4.943755e-01
4.942003e-01
4.940286e-01
4.938605e-01
4.936962e-01
4.935356e-01
1.000000e+00
4.997733e-01
4.995467e-01
4.993204e-01
4.990944e-01
4.988691e-01
4.986444e-01
4.984205e-01
4.981976e-01
4.979758e-01
4.977552e-01
4.975359e-01
4.973181e-01
4.971020e-01
4.968875e-01
4.966750e-01
4.964645e-01
4.962561e-01
4.960499e-01
4.958461e-01
4.956449e-01
4.954462e-01
4.952503e-01
4.950573e-01
4.948672e-01
4.946802e-01
4.944965e-01
4.943160e-01
4.941390e-01
4.939655e-01
4.937956e-01
4.936295e-01
4.934672e-01
1.000000e+00
4.997710e-01
4.995422e-01
4.993136e-01
4.990855e-01
4.988579e-01
4.986310e-01
4.984049e-01
4.981798e-01
4.979558e-01
4.977330e-01
4.975116e-01
4.972917e-01
4.970734e-01
4.968568e-01
4.966422e-01
4.964296e-01
4.962191e-01
4.960109e-01
4.958052e-01
4.956019e-01
4.954013e-01
4.952035e-01
4.950085e-01
4.948166e-01
4.946278e-01
4.944422e-01
4.942599e-01
4.940812e-01
4.939059e-01
4.937344e-01
4.935666e-01
4.934027e-01
1.000000e+00
4.997689e-01
4.995380e-01
4.993074e-01
4.990771e-01
4.988474e-01
4.986185e-01
4.983903e-01
4.981631e-01
4.979371e-01
4.977122e-01
4.974888e-01
4.972668e-01
4.970465e-01
4.968280e-01
4.966114e-01
4.963969e-01
4.961845e-01
4.959744e-01
4.957667e-01
4.955616e-01
4.953591e-01
4.951595e-01
4.949628e-01
4.947691e-01
4.945785e-01
4.943912e-01
4.942073e-01
4.940269e-01
4.938501e-01
4.936770e-01
4.935077e-01
4.933423e-01
1.000000e+00
4.997670e-01
4.995341e-01
4.993015e-01
4.990693e-01
4.988377e-01
4.986068e-01
4.983767e-01
4.981476e-01
4.979196e-01
4.976928e-01
4.974675e-01
4.972437e-01
4.970215e-01
4.968011e-01
4.965827e-01
4.963663e-01
4.961521e-01
4.959402e-01
4.957308e-01
4.955240e-01
4.953198e-01
4.951184e-01
4.949200e-01
4.947247e-01
4.945325e-01
4.943437e-01
4.941582e-01
4.939763e-01
4.937979e-01
4.936234e-01
4.934526e-01
4.932858e-01
1.000000e+00
4.997652e-01
4.995305e-01
4.992960e-01
4.990620e-01
4.988286e-01
4.985959e-01
4.983640e-01
4.981331e-01
4.979033e-01
4.976748e-01
4.974477e-01
4.972221e-01
4.969983e-01
4.967762e-01
4.965560e-01
4.963379e-01
4.961221e-01
4.959086e-01
4.956975e-01
4.954890e-01
4.952833e-01
4.950803e-01
4.948804e-01
4.946835e-01
4.944899e-01
4.942995e-01
4.941126e-01
4.939292e-01
4.937495e-01
4.935736e-01
4.934015e-01
4.932334e-01
1.000000e+00
4.997635e-01
4.995271e-01
4.992910e-01
4.990553e-01
4.988202e-01
4.985858e-01
4.983523e-01
4.981198e-01
4.978884e-01
4.976582e-01
4.974295e-01
4.972023e-01
4.969768e-01
4.967531e-01
4.965314e-01
4.963118e-01
4.960944e-01
4.958793e-01
4.956668e-01
4.954568e-01
4.952496e-01
4.950452e-01
4.948438e-01
4.946455e-01
4.944505e-01
4.942588e-01
4.940705e-01
4.938859e-01
4.937049e-01
4.935277e-01
4.933544e-01
4.931851e-01
1.000000e+00
4.997619e-01
4.995240e-01
4.992864e-01
4.990492e-01
4.988126e-01
4.985767e-01
4.983416e-01
4.981076e-01
4.978746e-01
4.976430e-01
4.974128e-01
4.971841e-01
4.969572e-01
4.967321e-01
4.965089e-01
4.962879e-01
4.960690e-01
4.958526e-01
4.956386e-01
4.954273e-01
4.952187e-01
4.950130e-01
4.948104e-01
4.946108e-01
4.944145e-01
4.942215e-01
4.940321e-01
4.938462e-01
4.936640e-01
4.934857e-01
4.933112e-01
4.931408e-01
1.000000e+00
4.997606e-01
4.995212e-01
4.992822e-01
4.990436e-01
4.988056e-01
4.985683e-01
4.983319e-01
4.980965e-01
4.978622e-01
4.976292e-01
4.973977e-01
4.971677e-01
4.969394e-01
4.967130e-01
4.964885e-01
4.962661e-01
4.960461e-01
4.958283e-01
4.956131e-01
4.954006e-01
4.951908e-01
4.949839e-01
4.947800e-01
4.945793e-01
4.943818e-01
4.941877e-01
4.939972e-01
4.938102e-01
4.936270e-01
4.934476e-01
4.932721e-01
4.931007e-01
1.000000e+00
4.997593e-01
4.995188e-01
4.992785e-01
4.990387e-01
4.987994e-01
4.985609e-01
4.983232e-01
4.980866e-01
4.978511e-01
4.976169e-01
4.973841e-01
4.971529e-01
4.969235e-01
4.966958e-01
4.964702e-01
4.962467e-01
4.960255e-01
4.958066e-01
4.955903e-01
4.953766e-01
4.951657e-01
4.949578e-01
4.947528e-01
4.945510e-01
4.943526e-01
4.941575e-01
4.939659e-01
4.937780e-01
4.935938e-01
4.934134e-01
4.932371e-01
4.930648e-01
1.000000e+00
4.997582e-01
4.995165e-01
4.992752e-01
4.990343e-01
4.987939e-01
4.985543e-01
4.983156e-01
4.980778e-01
4.978412e-01
4.976060e-01
4.973721e-01
4.971399e-01
4.969094e-01
4.966807e-01
4.964540e-01
4.962295e-01
4.960072e-01
4.957874e-01
4.955701e-01
4.953554e-01
4.951436e-01
4.949347e-01
4.947288e-01
4.945261e-01
4.943267e-01
4.941307e-01
4.939383e-01
4.937495e-01
4.935644e-01
4.933833e-01
4.932061e-01
4.930330e-01
1.000000e+00
4.997572e-01
4.995146e-01
4.992723e-01
4.990304e-01
4.987891e-01
4.985486e-01
4.983089e-01
4.980702e-01
4.978327e-01
4.975965e-01
4.973617e-01
4.971286e-01
4.968971e-01
4.966676e-01
4.964400e-01
4.962146e-01
4.959914e-01
4.957707e-01
4.955526e-01
4.953371e-01
4.951244e-01
4.949146e-01
4.947079e-01
4.945044e-01
4.943042e-01
4.941075e-01
4.939143e-01
4.937247e-01
4.935390e-01
4.933571e-01
4.931792e-01
4.930055e-01
1.000000e+00
4.997564e-01
4.995130e-01
4.992699e-01
4.990272e-01
4.987851e-01
4.985437e-01
4.983032e-01
4.980638e-01
4.978255e-01
4.975885e-01
4.973529e-01
4.971190e-01
4.968868e-01
4.966564e-01
4.964281e-01
4.962019e-01
4.959781e-01
4.957566e-01
4.955377e-01
4.953215e-01
4.951081e-01
4.948976e-01
4.946903e-01
4.944861e-01
4.942852e-01
4.940878e-01
4.938940e-01
4.937038e-01
4.935174e-01
4.933349e-01
4.931565e-01
4.929821e-01
1.000000e+00
4.997558e-01
4.995117e-01
4.992679e-01
4.990245e-01
4.987818e-01
4.985398e-01
4.982986e-01
4.980585e-01
4.978195e-01
4.975819e-01
4.973457e-01
4.971111e-01
4.968783e-01
4.966473e-01
4.964184e-01
4.961916e-01
4.959671e-01
4.957450e-01
4.955255e-01
4.953087e-01
4.950948e-01
4.948837e-01
4.946758e-01
4.944710e-01
4.942696e-01
4.940717e-01
4.938773e-01
4.936866e-01
4.934997e-01
4.933167e-01
4.931378e-01
4.929630e-01
1.000000e+00
4.997553e-01
4.995107e-01
4.992663e-01
4.990225e-01
4.987792e-01
4.985367e-01
4.982950e-01
4.980544e-01
4.978149e-01
4.975768e-01
4.973401e-01
4.971050e-01
4.968717e-01
4.966402e-01
4.964108e-01
4.961835e-01
4.959586e-01
4.957360e-01
4.955161e-01
4.952988e-01
4.950844e-01
4.948729e-01
4.946645e-01
4.944594e-01
4.942575e-01
4.940591e-01
4.938644e-01
4.936733e-01
4.934860e-01
4.933026e-01
4.931233e-01
4.929481e-01
1.000000e+00
4.997549e-01
4.995099e-01
4.992652e-01
4.990210e-01
4.987774e-01
4.985345e-01
4.982924e-01
4.980514e-01
4.978116e-01
4.975731e-01
4.973361e-01
4.971006e-01
4.968670e-01
4.966352e-01
4.964054e-01
4.961778e-01
4.959525e-01
4.957296e-01
4.955093e-01
4.952917e-01
4.950770e-01
4.948652e-01
4.946565e-01
4.944510e-01
4.942489e-01
4.940502e-01
4.938551e-01
4.936637e-01
4.934761e-01
4.932925e-01
4.931129e-01
4.929374e-01
1.000000e+00
4.997547e-01
4.995095e-01
4.992646e-01
4.990201e-01
4.987763e-01
4.985331e-01
4.982909e-01
4.980497e-01
4.978096e-01
4.975709e-01
4.973337e-01
4.970980e-01
4.968641e-01
4.966321e-01
4.964021e-01
4.961743e-01
4.959488e-01
4.957257e-01
4.955052e-01
4.952875e-01
4.950725e-01
4.948605e-01
4.946516e-01
4.944460e-01
4.942437e-01
4.940448e-01
4.938495e-01
4.936580e-01
4.934702e-01
4.932864e-01
4.931067e-01
4.929311e-01
1.000000e+00
4.997546e-01
4.995093e-01
4.992644e-01
4.990198e-01
4.987759e-01
4.985327e-01
4.982904e-01
4.980491e-01
4.978090e-01
4.975702e-01
4.973329e-01
4.970972e-01
4.968632e-01
4.966311e-01
4.964010e-01
4.961732e-01
4.959476e-01
4.957244e-01
4.955039e-01
4.952860e-01
4.950710e-01
4.948590e-01
4.946500e-01
4.944443e-01
4.942419e-01
4.940430e-01
4.938477e-01
4.936561e-01
4.934683e-01
4.932844e-01
4.931046e-01
4.929289e-01
