5.000000e-01
5.000000e-01
5.000000e-01
5.000000e-01
5.000000e-01
5.000000e-01
5.000000e-01
5.000000e-01
5.000000e-01
5.000000e-01
5.000000e-01
5.000000e-01
5.000000e-01
5.000000e-01
5.000000e-01
5.000000e-01
5.000000e-01
5.000000e-01
5.000000e-01
5.000000e-01
5.000000e-01
5.000000e-01
5.000000e-01
5.000000e-01
5.000000e-01
5.000000e-01
5.000000e-01
5.000000e-01
5.000000e-01
5.000000e-01
5.000000e-01
5.000000e-01
0.000000e+00
4.998265e-01
4.998308e-01
4.998352e-01
4.998397e-01
4.998443e-01
4.998490e-01
4.998538e-01
4.998587e-01
4.998637e-01
4.998687e-01
4.998738e-01
4.998790e-01
4.998843e-01
4.998897e-01
4.998951e-01
4.999005e-01
4.999061e-01
4.999117e-01
4.999173e-01
4.999230e-01
4.999288e-01
4.999345e-01
4.999404e-01
4.999462e-01
4.999521e-01
4.999580e-01
4.999640e-01
4.999700e-01
4.999759e-01
4.999819e-01
4.999880e-01
4.999940e-01
0.000000e+00
4.996530e-01
4.996617e-01
4.996705e-01
4.996795e-01
4.996887e-01
4.996981e-01
4.997077e-01
4.997175e-01
4.997274e-01
4.997375e-01
4.997477e-01
4.997581e-01
4.997687e-01
4.997794e-01
4.997902e-01
4.998012e-01
4.998122e-01
4.998234e-01
4.998347e-01
4.998461e-01
4.998576e-01
4.998691e-01
4.998808e-01
4.998925e-01
4.999043e-01
4.999161e-01
4.999280e-01
4.999399e-01
4.999519e-01
4.999639e-01
4.999759e-01
4.999880e-01
0.000000e+00
4.994798e-01
4.994927e-01
4.995060e-01
4.995195e-01
4.995333e-01
4.995474e-01
4.995618e-01
4.995764e-01
4.995913e-01
4.996064e-01
4.996218e-01
4.996374e-01
4.996532e-01
4.996692e-01
4.996855e-01
4.997019e-01
4.997185e-01
4.997352e-01
4.997522e-01
4.997692e-01
4.997865e-01
4.998038e-01
4.998213e-01
4.998388e-01
4.998565e-01
4.998742e-01
4.998921e-01
4.999099e-01
4.999279e-01
4.999459e-01
4.999639e-01
4.999819e-01
0.000000e+00
4.993069e-01
4.993241e-01
4.993418e-01
4.993598e-01
4.993782e-01
4.993970e-01
4.994161e-01
4.994356e-01
4.994554e-01
4.994756e-01
4.994961e-01
4.995169e-01
4.995380e-01
4.995593e-01
4.995809e-01
4.996028e-01
4.996249e-01
4.996472e-01
4.996698e-01
4.996925e-01
4.997155e-01
4.997386e-01
4.997618e-01
4.997852e-01
4.998088e-01
4.998324e-01
4.998562e-01
4.998800e-01
4.999039e-01
4.999279e-01
4.999519e-01
4.999759e-01
0.000000e+00
4.991344e-01
4.991559e-01
4.991779e-01
4.992004e-01
4.992234e-01
4.992469e-01
4.992708e-01
4.992951e-01
4.993199e-01
4.993451e-01
4.993707e-01
4.993966e-01
4.994230e-01
4.994496e-01
4.994766e-01
4.995039e-01
4.995316e-01
4.995595e-01
4.995876e-01
4.996160e-01
4.996447e-01
4.996735e-01
4.997026e-01
4.997318e-01
4.997612e-01
4.997907e-01
4.998204e-01
4.998502e-01
4.998800e-01
4.999099e-01
4.999399e-01
4.999700e-01
0.000000e+00
4.989625e-01
4.989882e-01
4.990146e-01
4.990416e-01
4.990692e-01
4.990973e-01
4.991259e-01
4.991551e-01
4.991848e-01
4.992150e-01
4.992457e-01
4.992768e-01
4.993083e-01
4.993403e-01
4.993726e-01
4.994054e-01
4.994385e-01
4.994719e-01
4.995057e-01
4.995397e-01
4.995741e-01
4.996087e-01
4.996435e-01
4.996785e-01
4.997137e-01
4.997491e-01
4.997847e-01
4.998204e-01
4.998562e-01
4.998921e-01
4.999280e-01
4.999640e-01
0.000000e+00
4.987911e-01
4.988211e-01
4.988519e-01
4.988833e-01
4.989154e-01
4.989482e-01
4.989816e-01
4.990156e-01
4.990502e-01
4.990854e-01
4.991211e-01
4.991573e-01
4.991941e-01
4.992313e-01
4.992690e-01
4.993072e-01
4.993458e-01
4.993847e-01
4.994240e-01
4.994637e-01
4.995037e-01
4.995440e-01
4.995846e-01
4.996254e-01
4.996665e-01
4.997077e-01
4.997491e-01
4.997907e-01
4.998324e-01
4.998742e-01
4.999161e-01
4.999580e-01
0.000000e+00
4.986205e-01
4.986548e-01
4.986899e-01
4.987257e-01
4.987624e-01
4.987997e-01
4.988378e-01
4.988767e-01
4.989161e-01
4.989563e-01
4.989970e-01
4.990384e-01
4.990804e-01
4.991229e-01
4.991659e-01
4.992094e-01
4.992534e-01
4.992979e-01
4.993428e-01
4.993880e-01
4.994337e-01
4.994797e-01
4.995260e-01
4.995726e-01
4.996194e-01
4.996665e-01
4.997137e-01
4.997612e-01
4.998088e-01
4.998565e-01
4.999043e-01
4.999521e-01
0.000000e+00
4.984507e-01
4.984892e-01
4.985286e-01
4.985689e-01
4.986100e-01
4.986520e-01
4.986948e-01
4.987384e-01
4.987827e-01
4.988278e-01
4.988736e-01
4.989201e-01
4.989672e-01
4.990149e-01
4.990632e-01
4.991121e-01
4.991615e-01
4.992115e-01
4.992619e-01
4.993127e-01
4.993640e-01
4.994156e-01
4.994676e-01
4.995199e-01
4.995726e-01
4.996254e-01
4.996785e-01
4.997318e-01
4.997852e-01
4.998388e-01
4.998925e-01
4.999462e-01
0.000000e+00
4.982819e-01
4.983246e-01
4.983682e-01
4.984129e-01
4.984586e-01
4.985051e-01
4.985526e-01
4.986009e-01
4.986501e-01
4.987001e-01
4.987508e-01
4.988024e-01
4.988546e-01
4.989075e-01
4.989611e-01
4.990153e-01
4.990702e-01
4.991255e-01
4.991814e-01
4.992378e-01
4.992947e-01
4.993519e-01
4.994096e-01
4.994676e-01
4.995260e-01
4.995846e-01
4.996435e-01
4.997026e-01
4.997618e-01
4.998213e-01
4.998808e-01
4.999404e-01
0.000000e+00
4.981141e-01
4.981609e-01
4.982089e-01
4.982579e-01
4.983080e-01
4.983591e-01
4.984112e-01
4.984642e-01
4.985182e-01
4.985731e-01
4.986288e-01
4.986854e-01
4.987427e-01
4.988008e-01
4.988597e-01
4.989192e-01
4.989793e-01
4.990401e-01
4.991015e-01
4.991634e-01
4.992258e-01
4.992886e-01
4.993519e-01
4.994156e-01
4.994797e-01
4.995440e-01
4.996087e-01
4.996735e-01
4.997386e-01
4.998038e-01
4.998691e-01
4.999345e-01
0.000000e+00
4.979474e-01
4.979984e-01
4.980506e-01
4.981039e-01
4.981585e-01
4.982141e-01
4.982708e-01
4.983285e-01
4.983873e-01
4.984470e-01
4.985076e-01
4.985692e-01
4.986316e-01
4.986948e-01
4.987589e-01
4.988236e-01
4.988891e-01
4.989553e-01
4.990221e-01
4.990894e-01
4.991573e-01
4.992258e-01
4.992947e-01
4.993640e-01
4.994337e-01
4.995037e-01
4.995741e-01
4.996447e-01
4.997155e-01
4.997865e-01
4.998576e-01
4.999288e-01
0.000000e+00
4.977819e-01
4.978370e-01
4.978934e-01
4.979511e-01
4.980100e-01
4.980701e-01
4.981314e-01
4.981938e-01
4.982573e-01
4.983218e-01
4.983874e-01
4.984539e-01
4.985213e-01
4.985897e-01
4.986588e-01
4.987288e-01
4.987996e-01
4.988711e-01
4.989432e-01
4.990160e-01
4.990894e-01
4.991634e-01
4.992378e-01
4.993127e-01
4.993880e-01
4.994637e-01
4.995397e-01
4.996160e-01
4.996925e-01
4.997692e-01
4.998461e-01
4.999230e-01
0.000000e+00
4.976178e-01
4.976770e-01
4.977376e-01
4.977995e-01
4.978628e-01
4.979273e-01
4.979931e-01
4.980602e-01
4.981283e-01
4.981976e-01
4.982680e-01
4.983395e-01
4.984119e-01
4.984853e-01
4.985596e-01
4.986348e-01
4.987108e-01
4.987876e-01
4.988651e-01
4.989432e-01
4.990221e-01
4.991015e-01
4.991814e-01
4.992619e-01
4.993428e-01
4.994240e-01
4.995057e-01
4.995876e-01
4.996698e-01
4.997522e-01
4.998347e-01
4.999173e-01
0.000000e+00
4.974552e-01
4.975184e-01
4.975831e-01
4.976493e-01
4.977169e-01
4.977858e-01
4.978561e-01
4.979277e-01
4.980005e-01
4.980746e-01
4.981498e-01
4.982261e-01
4.983035e-01
4.983819e-01
4.984613e-01
4.985416e-01
4.986227e-01
4.987048e-01
4.987876e-01
4.988711e-01
4.989553e-01
4.990401e-01
4.991255e-01
4.992115e-01
4.992979e-01
4.993847e-01
4.994719e-01
4.995595e-01
4.996472e-01
4.997352e-01
4.998234e-01
4.999117e-01
0.000000e+00
4.972940e-01
4.973612e-01
4.974301e-01
4.975004e-01
4.975723e-01
4.976456e-01
4.977204e-01
4.977965e-01
4.978739e-01
4.979527e-01
4.980326e-01
4.981138e-01
4.981960e-01
4.982794e-01
4.983638e-01
4.984492e-01
4.985355e-01
4.986227e-01
4.987108e-01
4.987996e-01
4.988891e-01
4.989793e-01
4.990702e-01
4.991615e-01
4.992534e-01
4.993458e-01
4.994385e-01
4.995316e-01
4.996249e-01
4.997185e-01
4.998122e-01
4.999061e-01
0.000000e+00
4.971345e-01
4.972057e-01
4.972786e-01
4.973531e-01
4.974292e-01
4.975068e-01
4.975860e-01
4.976666e-01
4.977486e-01
4.978320e-01
4.979166e-01
4.980026e-01
4.980897e-01
4.981780e-01
4.982674e-01
4.983578e-01
4.984492e-01
4.985416e-01
4.986348e-01
4.987288e-01
4.988236e-01
4.989192e-01
4.990153e-01
4.991121e-01
4.992094e-01
4.993072e-01
4.994054e-01
4.995039e-01
4.996028e-01
4.997019e-01
4.998012e-01
4.999005e-01
0.000000e+00
4.969767e-01
4.970518e-01
4.971287e-01
4.972073e-01
4.972876e-01
4.973695e-01
4.974531e-01
4.975381e-01
4.976246e-01
4.977126e-01
4.978019e-01
4.978926e-01
4.979845e-01
4.980777e-01
4.981720e-01
4.982674e-01
4.983638e-01
4.984613e-01
4.985596e-01
4.986588e-01
4.987589e-01
4.988597e-01
4.989611e-01
4.990632e-01
4.991659e-01
4.992690e-01
4.993726e-01
4.994766e-01
4.995809e-01
4.996855e-01
4.997902e-01
4.998951e-01
0.000000e+00
4.968208e-01
4.968997e-01
4.969806e-01
4.970633e-01
4.971477e-01
4.972338e-01
4.973217e-01
4.974111e-01
4.975021e-01
4.975946e-01
4.976885e-01
4.977839e-01
4.978805e-01
4.979785e-01
4.980777e-01
4.981780e-01
4.982794e-01
4.983819e-01
4.984853e-01
4.985897e-01
4.986948e-01
4.988008e-01
4.989075e-01
4.990149e-01
4.991229e-01
4.992313e-01
4.993403e-01
4.994496e-01
4.995593e-01
4.996692e-01
4.997794e-01
4.998897e-01
0.000000e+00
4.966667e-01
4.967495e-01
4.968343e-01
4.969210e-01
4.970095e-01
4.970998e-01
4.971919e-01
4.972857e-01
4.973811e-01
4.974780e-01
4.975765e-01
4.976765e-01
4.977779e-01
4.978805e-01
4.979845e-01
4.980897e-01
4.981960e-01
4.983035e-01
4.984119e-01
4.985213e-01
4.986316e-01
4.987427e-01
4.988546e-01
4.989672e-01
4.990804e-01
4.991941e-01
4.993083e-01
4.994230e-01
4.995380e-01
4.996532e-01
4.997687e-01
4.998843e-01
0.000000e+00
4.965147e-01
4.966013e-01
4.966899e-01
4.967805e-01
4.968731e-01
4.969675e-01
4.970638e-01
4.971619e-01
4.972616e-01
4.973630e-01
4.974660e-01
4.975705e-01
4.976765e-01
4.977839e-01
4.978926e-01
4.980026e-01
4.981138e-01
4.982261e-01
4.983395e-01
4.984539e-01
4.985692e-01
4.986854e-01
4.988024e-01
4.989201e-01
4.990384e-01
4.991573e-01
4.992768e-01
4.993966e-01
4.995169e-01
4.996374e-01
4.997581e-01
4.998790e-01
0.000000e+00
4.963647e-01
4.964551e-01
4.965475e-01
4.966420e-01
4.967386e-01
4.968371e-01
4.969375e-01
4.970398e-01
4.971438e-01
4.972496e-01
4.973570e-01
4.974660e-01
4.975765e-01
4.976885e-01
4.978019e-01
4.979166e-01
4.980326e-01
4.981498e-01
4.982680e-01
4.983874e-01
4.985076e-01
4.986288e-01
4.987508e-01
4.988736e-01
4.989970e-01
4.991211e-01
4.992457e-01
4.993707e-01
4.994961e-01
4.996218e-01
4.997477e-01
4.998738e-01
0.000000e+00
4.962170e-01
4.963110e-01
4.964072e-01
4.965055e-01
4.966060e-01
4.967085e-01
4.968130e-01
4.969194e-01
4.970277e-01
4.971378e-01
4.972496e-01
4.973630e-01
4.974780e-01
4.975946e-01
4.977126e-01
4.978320e-01
4.979527e-01
4.980746e-01
4.981976e-01
4.983218e-01
4.984470e-01
4.985731e-01
4.987001e-01
4.988278e-01
4.989563e-01
4.990854e-01
4.992150e-01
4.993451e-01
4.994756e-01
4.996064e-01
4.997375e-01
4.998687e-01
0.000000e+00
4.960715e-01
4.961691e-01
4.962690e-01
4.963712e-01
4.964755e-01
4.965820e-01
4.966905e-01
4.968010e-01
4.969134e-01
4.970277e-01
4.971438e-01
4.972616e-01
4.973811e-01
4.975021e-01
4.976246e-01
4.977486e-01
4.978739e-01
4.980005e-01
4.981283e-01
4.982573e-01
4.983873e-01
4.985182e-01
4.986501e-01
4.987827e-01
4.989161e-01
4.990502e-01
4.991848e-01
4.993199e-01
4.994554e-01
4.995913e-01
4.997274e-01
4.998637e-01
0.000000e+00
4.959284e-01
4.960296e-01
4.961331e-01
4.962390e-01
4.963471e-01
4.964574e-01
4.965699e-01
4.966844e-01
4.968010e-01
4.969194e-01
4.970398e-01
4.971619e-01
4.972857e-01
4.974111e-01
4.975381e-01
4.976666e-01
4.977965e-01
4.979277e-01
4.980602e-01
4.981938e-01
4.983285e-01
4.984642e-01
4.986009e-01
4.987384e-01
4.988767e-01
4.990156e-01
4.991551e-01
4.992951e-01
4.994356e-01
4.995764e-01
4.997175e-01
4.998587e-01
0.000000e+00
4.957878e-01
4.958924e-01
4.959995e-01
4.961091e-01
4.962209e-01
4.963351e-01
4.964514e-01
4.965699e-01
4.966905e-01
4.968130e-01
4.969375e-01
4.970638e-01
4.971919e-01
4.973217e-01
4.974531e-01
4.975860e-01
4.977204e-01
4.978561e-01
4.979931e-01
4.981314e-01
4.982708e-01
4.984112e-01
4.985526e-01
4.986948e-01
4.988378e-01
4.989816e-01
4.991259e-01
4.992708e-01
4.994161e-01
4.995618e-01
4.997077e-01
4.998538e-01
0.000000e+00
4.956497e-01
4.957577e-01
4.958684e-01
4.959815e-01
4.960970e-01
4.962149e-01
4.963351e-01
4.964574e-01
4.965820e-01
4.967085e-01
4.968371e-01
4.969675e-01
4.970998e-01
4.972338e-01
4.973695e-01
4.975068e-01
4.976456e-01
4.977858e-01
4.979273e-01
4.980701e-01
4.982141e-01
4.983591e-01
4.985051e-01
4.986520e-01
4.987997e-01
4.989482e-01
4.990973e-01
4.992469e-01
4.993970e-01
4.995474e-01
4.996981e-01
4.998490e-01
0.000000e+00
4.955142e-01
4.956256e-01
4.957397e-01
4.958563e-01
4.959755e-01
4.960970e-01
4.962209e-01
4.963471e-01
4.964755e-01
4.966060e-01
4.967386e-01
4.968731e-01
4.970095e-01
4.971477e-01
4.972876e-01
4.974292e-01
4.975723e-01
4.977169e-01
4.978628e-01
4.980100e-01
4.981585e-01
4.983080e-01
4.984586e-01
4.986100e-01
4.987624e-01
4.989154e-01
4.990692e-01
4.992234e-01
4.993782e-01
4.995333e-01
4.996887e-01
4.998443e-01
0.000000e+00
4.953814e-01
4.954961e-01
4.956136e-01
4.957337e-01
4.958563e-01
4.959815e-01
4.961091e-01
4.962390e-01
4.963712e-01
4.965055e-01
4.966420e-01
4.967805e-01
4.969210e-01
4.970633e-01
4.972073e-01
4.973531e-01
4.975004e-01
4.976493e-01
4.977995e-01
4.979511e-01
4.981039e-01
4.982579e-01
4.984129e-01
4.985689e-01
4.987257e-01
4.988833e-01
4.990416e-01
4.992004e-01
4.993598e-01
4.995195e-01
4.996795e-01
4.998397e-01
0.000000e+00
4.952514e-01
4.953693e-01
4.954901e-01
4.956136e-01
4.957397e-01
4.958684e-01
4.959995e-01
4.961331e-01
4.962690e-01
4.964072e-01
4.965475e-01
4.966899e-01
4.968343e-01
4.969806e-01
4.971287e-01
4.972786e-01
4.974301e-01
4.975831e-01
4.977376e-01
4.978934e-01
4.980506e-01
4.982089e-01
4.983682e-01
4.985286e-01
4.986899e-01
4.988519e-01
4.990146e-01
4.991779e-01
4.993418e-01
4.995060e-01
4.996705e-01
4.998352e-01
0.000000e+00
4.951242e-01
4.952453e-01
4.953693e-01
4.954961e-01
4.956256e-01
4.957577e-01
4.958924e-01
4.960296e-01
4.961691e-01
4.963110e-01
4.964551e-01
4.966013e-01
4.967495e-01
4.968997e-01
4.970518e-01
4.972057e-01
4.973612e-01
4.975184e-01
4.976770e-01
4.978370e-01
4.979984e-01
4.981609e-01
4.983246e-01
4.984892e-01
4.986548e-01
4.988211e-01
4.989882e-01
4.991559e-01
4.993241e-01
4.994927e-01
4.996617e-01
4.998308e-01
0.000000e+00
4.950000e-01
4.951242e-01
4.952514e-01
4.953814e-01
4.955142e-01
4.956497e-01
4.957878e-01
4.959284e-01
4.960715e-01
4.962170e-01
4.963647e-01
4.965147e-01
4.966667e-01
4.968208e-01
4.969767e-01
4.971345e-01
4.972940e-01
4.974552e-01
4.976178e-01
4.977819e-01
4.979474e-01
4.981141e-01
4.982819e-01
4.984507e-01
4.986205e-01
4.987911e-01
4.989625e-01
4.991344e-01
4.993069e-01
4.994798e-01
4.996530e-01
4.998265e-01
0.000000e+00
