5.100000e-01
5.099970e-01
5.099880e-01
5.099729e-01
5.099518e-01
5.099248e-01
5.098918e-01
5.098528e-01
5.098079e-01
5.097570e-01
5.097003e-01
5.096378e-01
5.095694e-01
5.094953e-01
5.094154e-01
5.093299e-01
5.092388e-01
5.091421e-01
5.090399e-01
5.089322e-01
5.088192e-01
5.087009e-01
5.085773e-01
5.084485e-01
5.083147e-01
5.081758e-01
5.080321e-01
5.078835e-01
5.077301e-01
5.075721e-01
5.074095e-01
5.072425e-01
5.070711e-01
5.099970e-01
5.099940e-01
5.099849e-01
5.099699e-01
5.099488e-01
5.099218e-01
5.098888e-01
5.098498e-01
5.098049e-01
5.097541e-01
5.096974e-01
5.096349e-01
5.095665e-01
5.094924e-01
5.094126e-01
5.093271e-01
5.092360e-01
5.091393e-01
5.090372e-01
5.089296e-01
5.088166e-01
5.086982e-01
5.085747e-01
5.084460e-01
5.083122e-01
5.081734e-01
5.080297e-01
5.078811e-01
5.077278e-01
5.075698e-01
5.074073e-01
5.072403e-01
5.070689e-01
5.099880e-01
5.099849e-01
5.099759e-01
5.099609e-01
5.099399e-01
5.099128e-01
5.098799e-01
5.098409e-01
5.097960e-01
5.097453e-01
5.096886e-01
5.096262e-01
5.095579e-01
5.094838e-01
5.094041e-01
5.093187e-01
5.092277e-01
5.091311e-01
5.090290e-01
5.089215e-01
5.088086e-01
5.086904e-01
5.085670e-01
5.084384e-01
5.083047e-01
5.081660e-01
5.080224e-01
5.078740e-01
5.077208e-01
5.075630e-01
5.074006e-01
5.072337e-01
5.070626e-01
5.099729e-01
5.099699e-01
5.099609e-01
5.099459e-01
5.099249e-01
5.098979e-01
5.098650e-01
5.098261e-01
5.097813e-01
5.097306e-01
5.096740e-01
5.096116e-01
5.095435e-01
5.094696e-01
5.093899e-01
5.093046e-01
5.092138e-01
5.091173e-01
5.090154e-01
5.089080e-01
5.087953e-01
5.086773e-01
5.085540e-01
5.084256e-01
5.082922e-01
5.081537e-01
5.080103e-01
5.078621e-01
5.077092e-01
5.075516e-01
5.073894e-01
5.072228e-01
5.070519e-01
5.099518e-01
5.099488e-01
5.099399e-01
5.099249e-01
5.099039e-01
5.098770e-01
5.098441e-01
5.098053e-01
5.097606e-01
5.097100e-01
5.096536e-01
5.095914e-01
5.095233e-01
5.094496e-01
5.093701e-01
5.092850e-01
5.091943e-01
5.090981e-01
5.089964e-01
5.088892e-01
5.087767e-01
5.086590e-01
5.085360e-01
5.084079e-01
5.082747e-01
5.081365e-01
5.079934e-01
5.078455e-01
5.076929e-01
5.075356e-01
5.073738e-01
5.072076e-01
5.070370e-01
5.099248e-01
5.099218e-01
5.099128e-01
5.098979e-01
5.098770e-01
5.098502e-01
5.098174e-01
5.097787e-01
5.097341e-01
5.096836e-01
5.096274e-01
5.095653e-01
5.094974e-01
5.094239e-01
5.093446e-01
5.092598e-01
5.091693e-01
5.090733e-01
5.089719e-01
5.088651e-01
5.087529e-01
5.086354e-01
5.085128e-01
5.083850e-01
5.082522e-01
5.081144e-01
5.079717e-01
5.078242e-01
5.076720e-01
5.075151e-01
5.073538e-01
5.071880e-01
5.070179e-01
5.098918e-01
5.098888e-01
5.098799e-01
5.098650e-01
5.098441e-01
5.098174e-01
5.097847e-01
5.097461e-01
5.097017e-01
5.096514e-01
5.095953e-01
5.095334e-01
5.094658e-01
5.093925e-01
5.093135e-01
5.092289e-01
5.091388e-01
5.090431e-01
5.089420e-01
5.088356e-01
5.087238e-01
5.086067e-01
5.084844e-01
5.083571e-01
5.082247e-01
5.080874e-01
5.079451e-01
5.077981e-01
5.076464e-01
5.074901e-01
5.073293e-01
5.071641e-01
5.069945e-01
5.098528e-01
5.098498e-01
5.098409e-01
5.098261e-01
5.098053e-01
5.097787e-01
5.097461e-01
5.097077e-01
5.096635e-01
5.096134e-01
5.095575e-01
5.094959e-01
5.094285e-01
5.093555e-01
5.092768e-01
5.091926e-01
5.091028e-01
5.090075e-01
5.089068e-01
5.088007e-01
5.086894e-01
5.085728e-01
5.084510e-01
5.083242e-01
5.081923e-01
5.080555e-01
5.079138e-01
5.077674e-01
5.076163e-01
5.074606e-01
5.073004e-01
5.071358e-01
5.069670e-01
5.098079e-01
5.098049e-01
5.097960e-01
5.097813e-01
5.097606e-01
5.097341e-01
5.097017e-01
5.096635e-01
5.096194e-01
5.095695e-01
5.095139e-01
5.094526e-01
5.093855e-01
5.093128e-01
5.092345e-01
5.091507e-01
5.090613e-01
5.089664e-01
5.088662e-01
5.087606e-01
5.086498e-01
5.085337e-01
5.084125e-01
5.082862e-01
5.081549e-01
5.080188e-01
5.078777e-01
5.077320e-01
5.075816e-01
5.074266e-01
5.072671e-01
5.071033e-01
5.069352e-01
5.097570e-01
5.097541e-01
5.097453e-01
5.097306e-01
5.097100e-01
5.096836e-01
5.096514e-01
5.096134e-01
5.095695e-01
5.095199e-01
5.094646e-01
5.094036e-01
5.093369e-01
5.092646e-01
5.091867e-01
5.091032e-01
5.090143e-01
5.089200e-01
5.088202e-01
5.087152e-01
5.086049e-01
5.084895e-01
5.083689e-01
5.082433e-01
5.081127e-01
5.079772e-01
5.078369e-01
5.076919e-01
5.075423e-01
5.073881e-01
5.072295e-01
5.070665e-01
5.068993e-01
5.097003e-01
5.096974e-01
5.096886e-01
5.096740e-01
5.096536e-01
5.096274e-01
5.095953e-01
5.095575e-01
5.095139e-01
5.094646e-01
5.094096e-01
5.093489e-01
5.092826e-01
5.092107e-01
5.091333e-01
5.090503e-01
5.089619e-01
5.088681e-01
5.087690e-01
5.086646e-01
5.085549e-01
5.084401e-01
5.083202e-01
5.081953e-01
5.080655e-01
5.079308e-01
5.077914e-01
5.076472e-01
5.074984e-01
5.073452e-01
5.071875e-01
5.070254e-01
5.068592e-01
5.096378e-01
5.096349e-01
5.096262e-01
5.096116e-01
5.095914e-01
5.095653e-01
5.095334e-01
5.094959e-01
5.094526e-01
5.094036e-01
5.093489e-01
5.092886e-01
5.092228e-01
5.091513e-01
5.090744e-01
5.089920e-01
5.089041e-01
5.088109e-01
5.087124e-01
5.086087e-01
5.084997e-01
5.083857e-01
5.082666e-01
5.081425e-01
5.080135e-01
5.078797e-01
5.077411e-01
5.075979e-01
5.074501e-01
5.072978e-01
5.071411e-01
5.069801e-01
5.068149e-01
5.095694e-01
5.095665e-01
5.095579e-01
5.095435e-01
5.095233e-01
5.094974e-01
5.094658e-01
5.094285e-01
5.093855e-01
5.093369e-01
5.092826e-01
5.092228e-01
5.091573e-01
5.090864e-01
5.090100e-01
5.089282e-01
5.088410e-01
5.087484e-01
5.086506e-01
5.085476e-01
5.084395e-01
5.083262e-01
5.082080e-01
5.080847e-01
5.079567e-01
5.078238e-01
5.076862e-01
5.075440e-01
5.073972e-01
5.072460e-01
5.070905e-01
5.069306e-01
5.067666e-01
5.094953e-01
5.094924e-01
5.094838e-01
5.094696e-01
5.094496e-01
5.094239e-01
5.093925e-01
5.093555e-01
5.093128e-01
5.092646e-01
5.092107e-01
5.091513e-01
5.090864e-01
5.090160e-01
5.089402e-01
5.088590e-01
5.087725e-01
5.086807e-01
5.085836e-01
5.084814e-01
5.083741e-01
5.082617e-01
5.081444e-01
5.080221e-01
5.078950e-01
5.077632e-01
5.076267e-01
5.074856e-01
5.073400e-01
5.071899e-01
5.070355e-01
5.068769e-01
5.067142e-01
5.094154e-01
5.094126e-01
5.094041e-01
5.093899e-01
5.093701e-01
5.093446e-01
5.093135e-01
5.092768e-01
5.092345e-01
5.091867e-01
5.091333e-01
5.090744e-01
5.090100e-01
5.089402e-01
5.088651e-01
5.087845e-01
5.086987e-01
5.086077e-01
5.085115e-01
5.084101e-01
5.083037e-01
5.081923e-01
5.080759e-01
5.079547e-01
5.078287e-01
5.076979e-01
5.075626e-01
5.074226e-01
5.072782e-01
5.071295e-01
5.069764e-01
5.068191e-01
5.066577e-01
5.093299e-01
5.093271e-01
5.093187e-01
5.093046e-01
5.092850e-01
5.092598e-01
5.092289e-01
5.091926e-01
5.091507e-01
5.091032e-01
5.090503e-01
5.089920e-01
5.089282e-01
5.088590e-01
5.087845e-01
5.087048e-01
5.086197e-01
5.085295e-01
5.084342e-01
5.083337e-01
5.082283e-01
5.081178e-01
5.080025e-01
5.078824e-01
5.077576e-01
5.076280e-01
5.074939e-01
5.073552e-01
5.072121e-01
5.070647e-01
5.069130e-01
5.067572e-01
5.065973e-01
5.092388e-01
5.092360e-01
5.092277e-01
5.092138e-01
5.091943e-01
5.091693e-01
5.091388e-01
5.091028e-01
5.090613e-01
5.090143e-01
5.089619e-01
5.089041e-01
5.088410e-01
5.087725e-01
5.086987e-01
5.086197e-01
5.085355e-01
5.084462e-01
5.083518e-01
5.082523e-01
5.081479e-01
5.080386e-01
5.079244e-01
5.078054e-01
5.076818e-01
5.075535e-01
5.074207e-01
5.072834e-01
5.071417e-01
5.069957e-01
5.068455e-01
5.066912e-01
5.065328e-01
5.091421e-01
5.091393e-01
5.091311e-01
5.091173e-01
5.090981e-01
5.090733e-01
5.090431e-01
5.090075e-01
5.089664e-01
5.089200e-01
5.088681e-01
5.088109e-01
5.087484e-01
5.086807e-01
5.086077e-01
5.085295e-01
5.084462e-01
5.083578e-01
5.082644e-01
5.081659e-01
5.080626e-01
5.079544e-01
5.078414e-01
5.077237e-01
5.076014e-01
5.074744e-01
5.073430e-01
5.072071e-01
5.070669e-01
5.069225e-01
5.067738e-01
5.066211e-01
5.064644e-01
5.090399e-01
5.090372e-01
5.090290e-01
5.090154e-01
5.089964e-01
5.089719e-01
5.089420e-01
5.089068e-01
5.088662e-01
5.088202e-01
5.087690e-01
5.087124e-01
5.086506e-01
5.085836e-01
5.085115e-01
5.084342e-01
5.083518e-01
5.082644e-01
5.081720e-01
5.080747e-01
5.079725e-01
5.078655e-01
5.077538e-01
5.076374e-01
5.075164e-01
5.073909e-01
5.072609e-01
5.071266e-01
5.069879e-01
5.068451e-01
5.066981e-01
5.065471e-01
5.063922e-01
5.089322e-01
5.089296e-01
5.089215e-01
5.089080e-01
5.088892e-01
5.088651e-01
5.088356e-01
5.088007e-01
5.087606e-01
5.087152e-01
5.086646e-01
5.086087e-01
5.085476e-01
5.084814e-01
5.084101e-01
5.083337e-01
5.082523e-01
5.081659e-01
5.080747e-01
5.079785e-01
5.078775e-01
5.077718e-01
5.076614e-01
5.075464e-01
5.074269e-01
5.073029e-01
5.071744e-01
5.070417e-01
5.069047e-01
5.067636e-01
5.066184e-01
5.064692e-01
5.063160e-01
5.088192e-01
5.088166e-01
5.088086e-01
5.087953e-01
5.087767e-01
5.087529e-01
5.087238e-01
5.086894e-01
5.086498e-01
5.086049e-01
5.085549e-01
5.084997e-01
5.084395e-01
5.083741e-01
5.083037e-01
5.082283e-01
5.081479e-01
5.080626e-01
5.079725e-01
5.078775e-01
5.077779e-01
5.076735e-01
5.075645e-01
5.074509e-01
5.073329e-01
5.072105e-01
5.070837e-01
5.069526e-01
5.068173e-01
5.066780e-01
5.065346e-01
5.063873e-01
5.062361e-01
5.087009e-01
5.086982e-01
5.086904e-01
5.086773e-01
5.086590e-01
5.086354e-01
5.086067e-01
5.085728e-01
5.085337e-01
5.084895e-01
5.084401e-01
5.083857e-01
5.083262e-01
5.082617e-01
5.081923e-01
5.081178e-01
5.080386e-01
5.079544e-01
5.078655e-01
5.077718e-01
5.076735e-01
5.075705e-01
5.074630e-01
5.073510e-01
5.072345e-01
5.071137e-01
5.069886e-01
5.068593e-01
5.067259e-01
5.065884e-01
5.064469e-01
5.063016e-01
5.061524e-01
5.085773e-01
5.085747e-01
5.085670e-01
5.085540e-01
5.085360e-01
5.085128e-01
5.084844e-01
5.084510e-01
5.084125e-01
5.083689e-01
5.083202e-01
5.082666e-01
5.082080e-01
5.081444e-01
5.080759e-01
5.080025e-01
5.079244e-01
5.078414e-01
5.077538e-01
5.076614e-01
5.075645e-01
5.074630e-01
5.073570e-01
5.072466e-01
5.071318e-01
5.070127e-01
5.068893e-01
5.067619e-01
5.066303e-01
5.064948e-01
5.063553e-01
5.062121e-01
5.060651e-01
5.084485e-01
5.084460e-01
5.084384e-01
5.084256e-01
5.084079e-01
5.083850e-01
5.083571e-01
5.083242e-01
5.082862e-01
5.082433e-01
5.081953e-01
5.081425e-01
5.080847e-01
5.080221e-01
5.079547e-01
5.078824e-01
5.078054e-01
5.077237e-01
5.076374e-01
5.075464e-01
5.074509e-01
5.073510e-01
5.072466e-01
5.071378e-01
5.070247e-01
5.069074e-01
5.067859e-01
5.066604e-01
5.065308e-01
5.063973e-01
5.062600e-01
5.061188e-01
5.059740e-01
5.083147e-01
5.083122e-01
5.083047e-01
5.082922e-01
5.082747e-01
5.082522e-01
5.082247e-01
5.081923e-01
5.081549e-01
5.081127e-01
5.080655e-01
5.080135e-01
5.079567e-01
5.078950e-01
5.078287e-01
5.077576e-01
5.076818e-01
5.076014e-01
5.075164e-01
5.074269e-01
5.073329e-01
5.072345e-01
5.071318e-01
5.070247e-01
5.069134e-01
5.067980e-01
5.066784e-01
5.065549e-01
5.064273e-01
5.062960e-01
5.061608e-01
5.060219e-01
5.058794e-01
5.081758e-01
5.081734e-01
5.081660e-01
5.081537e-01
5.081365e-01
5.081144e-01
5.080874e-01
5.080555e-01
5.080188e-01
5.079772e-01
5.079308e-01
5.078797e-01
5.078238e-01
5.077632e-01
5.076979e-01
5.076280e-01
5.075535e-01
5.074744e-01
5.073909e-01
5.073029e-01
5.072105e-01
5.071137e-01
5.070127e-01
5.069074e-01
5.067980e-01
5.066844e-01
5.065669e-01
5.064454e-01
5.063200e-01
5.061908e-01
5.060579e-01
5.059213e-01
5.057812e-01
5.080321e-01
5.080297e-01
5.080224e-01
5.080103e-01
5.079934e-01
5.079717e-01
5.079451e-01
5.079138e-01
5.078777e-01
5.078369e-01
5.077914e-01
5.077411e-01
5.076862e-01
5.076267e-01
5.075626e-01
5.074939e-01
5.074207e-01
5.073430e-01
5.072609e-01
5.071744e-01
5.070837e-01
5.069886e-01
5.068893e-01
5.067859e-01
5.066784e-01
5.065669e-01
5.064514e-01
5.063321e-01
5.062089e-01
5.060820e-01
5.059514e-01
5.058172e-01
5.056795e-01
5.078835e-01
5.078811e-01
5.078740e-01
5.078621e-01
5.078455e-01
5.078242e-01
5.077981e-01
5.077674e-01
5.077320e-01
5.076919e-01
5.076472e-01
5.075979e-01
5.075440e-01
5.074856e-01
5.074226e-01
5.073552e-01
5.072834e-01
5.072071e-01
5.071266e-01
5.070417e-01
5.069526e-01
5.068593e-01
5.067619e-01
5.066604e-01
5.065549e-01
5.064454e-01
5.063321e-01
5.062149e-01
5.060940e-01
5.059694e-01
5.058413e-01
5.057096e-01
5.055745e-01
5.077301e-01
5.077278e-01
5.077208e-01
5.077092e-01
5.076929e-01
5.076720e-01
5.076464e-01
5.076163e-01
5.075816e-01
5.075423e-01
5.074984e-01
5.074501e-01
5.073972e-01
5.073400e-01
5.072782e-01
5.072121e-01
5.071417e-01
5.070669e-01
5.069879e-01
5.069047e-01
5.068173e-01
5.067259e-01
5.066303e-01
5.065308e-01
5.064273e-01
5.063200e-01
5.062089e-01
5.060940e-01
5.059755e-01
5.058533e-01
5.057276e-01
5.055985e-01
5.054660e-01
5.075721e-01
5.075698e-01
5.075630e-01
5.075516e-01
5.075356e-01
5.075151e-01
5.074901e-01
5.074606e-01
5.074266e-01
5.073881e-01
5.073452e-01
5.072978e-01
5.072460e-01
5.071899e-01
5.071295e-01
5.070647e-01
5.069957e-01
5.069225e-01
5.068451e-01
5.067636e-01
5.066780e-01
5.065884e-01
5.064948e-01
5.063973e-01
5.062960e-01
5.061908e-01
5.060820e-01
5.059694e-01
5.058533e-01
5.057337e-01
5.056105e-01
5.054841e-01
5.053543e-01
5.074095e-01
5.074073e-01
5.074006e-01
5.073894e-01
5.073738e-01
5.073538e-01
5.073293e-01
5.073004e-01
5.072671e-01
5.072295e-01
5.071875e-01
5.071411e-01
5.070905e-01
5.070355e-01
5.069764e-01
5.069130e-01
5.068455e-01
5.067738e-01
5.066981e-01
5.066184e-01
5.065346e-01
5.064469e-01
5.063553e-01
5.062600e-01
5.061608e-01
5.060579e-01
5.059514e-01
5.058413e-01
5.057276e-01
5.056105e-01
5.054901e-01
5.053663e-01
5.052393e-01
5.072425e-01
5.072403e-01
5.072337e-01
5.072228e-01
5.072076e-01
5.071880e-01
5.071641e-01
5.071358e-01
5.071033e-01
5.070665e-01
5.070254e-01
5.069801e-01
5.069306e-01
5.068769e-01
5.068191e-01
5.067572e-01
5.066912e-01
5.066211e-01
5.065471e-01
5.064692e-01
5.063873e-01
5.063016e-01
5.062121e-01
5.061188e-01
5.060219e-01
5.059213e-01
5.058172e-01
5.057096e-01
5.055985e-01
5.054841e-01
5.053663e-01
5.052453e-01
5.051212e-01
5.070711e-01
5.070689e-01
5.070626e-01
5.070519e-01
5.070370e-01
5.070179e-01
5.069945e-01
5.069670e-01
5.069352e-01
5.068993e-01
5.068592e-01
5.068149e-01
5.067666e-01
5.067142e-01
5.066577e-01
5.065973e-01
5.065328e-01
5.064644e-01
5.063922e-01
5.063160e-01
5.062361e-01
5.061524e-01
5.060651e-01
5.059740e-01
5.058794e-01
5.057812e-01
5.056795e-01
5.055745e-01
5.054660e-01
5.053543e-01
5.052393e-01
5.051212e-01
5.050000e-01
