1.000000e+00
5.001735e-01
5.003470e-01
5.005202e-01
5.006931e-01
5.008656e-01
5.010375e-01
5.012089e-01
5.013795e-01
5.015493e-01
5.017181e-01
5.018859e-01
5.020526e-01
5.022181e-01
5.023822e-01
5.025448e-01
5.027060e-01
5.028655e-01
5.030233e-01
5.031792e-01
5.033333e-01
5.034853e-01
5.036353e-01
5.037830e-01
5.039285e-01
5.040716e-01
5.042122e-01
5.043503e-01
5.044858e-01
5.046186e-01
5.047486e-01
5.048758e-01
5.050000e-01
1.000000e+00
5.001692e-01
5.003383e-01
5.005073e-01
5.006759e-01
5.008441e-01
5.010118e-01
5.011789e-01
5.013452e-01
5.015108e-01
5.016754e-01
5.018391e-01
5.020016e-01
5.021630e-01
5.023230e-01
5.024816e-01
5.026388e-01
5.027943e-01
5.029482e-01
5.031003e-01
5.032505e-01
5.033987e-01
5.035449e-01
5.036890e-01
5.038309e-01
5.039704e-01
5.041076e-01
5.042423e-01
5.043744e-01
5.045039e-01
5.046307e-01
5.047547e-01
5.048758e-01
1.000000e+00
5.001648e-01
5.003295e-01
5.004940e-01
5.006582e-01
5.008221e-01
5.009854e-01
5.011481e-01
5.013101e-01
5.014714e-01
5.016318e-01
5.017911e-01
5.019494e-01
5.021066e-01
5.022624e-01
5.024169e-01
5.025699e-01
5.027214e-01
5.028713e-01
5.030194e-01
5.031657e-01
5.033101e-01
5.034525e-01
5.035928e-01
5.037310e-01
5.038669e-01
5.040005e-01
5.041316e-01
5.042603e-01
5.043864e-01
5.045099e-01
5.046307e-01
5.047486e-01
1.000000e+00
5.001603e-01
5.003205e-01
5.004805e-01
5.006402e-01
5.007996e-01
5.009584e-01
5.011167e-01
5.012743e-01
5.014311e-01
5.015871e-01
5.017421e-01
5.018961e-01
5.020489e-01
5.022005e-01
5.023507e-01
5.024996e-01
5.026469e-01
5.027927e-01
5.029367e-01
5.030790e-01
5.032195e-01
5.033580e-01
5.034945e-01
5.036288e-01
5.037610e-01
5.038909e-01
5.040185e-01
5.041437e-01
5.042663e-01
5.043864e-01
5.045039e-01
5.046186e-01
1.000000e+00
5.001557e-01
5.003113e-01
5.004667e-01
5.006218e-01
5.007766e-01
5.009308e-01
5.010846e-01
5.012376e-01
5.013900e-01
5.015414e-01
5.016920e-01
5.018415e-01
5.019900e-01
5.021372e-01
5.022831e-01
5.024277e-01
5.025708e-01
5.027124e-01
5.028523e-01
5.029905e-01
5.031269e-01
5.032614e-01
5.033940e-01
5.035245e-01
5.036529e-01
5.037791e-01
5.039030e-01
5.040245e-01
5.041437e-01
5.042603e-01
5.043744e-01
5.044858e-01
1.000000e+00
5.001510e-01
5.003019e-01
5.004526e-01
5.006030e-01
5.007531e-01
5.009027e-01
5.010518e-01
5.012003e-01
5.013480e-01
5.014949e-01
5.016409e-01
5.017859e-01
5.019299e-01
5.020727e-01
5.022142e-01
5.023544e-01
5.024932e-01
5.026305e-01
5.027662e-01
5.029002e-01
5.030325e-01
5.031629e-01
5.032915e-01
5.034180e-01
5.035426e-01
5.036649e-01
5.037851e-01
5.039030e-01
5.040185e-01
5.041316e-01
5.042423e-01
5.043503e-01
1.000000e+00
5.001462e-01
5.002923e-01
5.004382e-01
5.005839e-01
5.007292e-01
5.008741e-01
5.010184e-01
5.011622e-01
5.013052e-01
5.014474e-01
5.015888e-01
5.017292e-01
5.018686e-01
5.020069e-01
5.021439e-01
5.022796e-01
5.024140e-01
5.025469e-01
5.026783e-01
5.028081e-01
5.029362e-01
5.030625e-01
5.031870e-01
5.033095e-01
5.034301e-01
5.035486e-01
5.036649e-01
5.037791e-01
5.038909e-01
5.040005e-01
5.041076e-01
5.042122e-01
1.000000e+00
5.001413e-01
5.002825e-01
5.004236e-01
5.005644e-01
5.007049e-01
5.008449e-01
5.009844e-01
5.011233e-01
5.012616e-01
5.013991e-01
5.015358e-01
5.016715e-01
5.018062e-01
5.019398e-01
5.020723e-01
5.022035e-01
5.023334e-01
5.024619e-01
5.025889e-01
5.027143e-01
5.028381e-01
5.029602e-01
5.030806e-01
5.031990e-01
5.033156e-01
5.034301e-01
5.035426e-01
5.036529e-01
5.037610e-01
5.038669e-01
5.039704e-01
5.040716e-01
1.000000e+00
5.001363e-01
5.002726e-01
5.004087e-01
5.005446e-01
5.006801e-01
5.008152e-01
5.009498e-01
5.010839e-01
5.012173e-01
5.013499e-01
5.014818e-01
5.016127e-01
5.017427e-01
5.018717e-01
5.019995e-01
5.021261e-01
5.022514e-01
5.023754e-01
5.024979e-01
5.026189e-01
5.027384e-01
5.028562e-01
5.029723e-01
5.030866e-01
5.031990e-01
5.033095e-01
5.034180e-01
5.035245e-01
5.036288e-01
5.037310e-01
5.038309e-01
5.039285e-01
1.000000e+00
5.001313e-01
5.002625e-01
5.003936e-01
5.005244e-01
5.006549e-01
5.007850e-01
5.009146e-01
5.010437e-01
5.011722e-01
5.012999e-01
5.014269e-01
5.015530e-01
5.016782e-01
5.018024e-01
5.019254e-01
5.020473e-01
5.021680e-01
5.022874e-01
5.024054e-01
5.025220e-01
5.026370e-01
5.027504e-01
5.028622e-01
5.029723e-01
5.030806e-01
5.031870e-01
5.032915e-01
5.033940e-01
5.034945e-01
5.035928e-01
5.036890e-01
5.037830e-01
1.000000e+00
5.001262e-01
5.002523e-01
5.003782e-01
5.005039e-01
5.006293e-01
5.007543e-01
5.008789e-01
5.010030e-01
5.011264e-01
5.012492e-01
5.013712e-01
5.014924e-01
5.016126e-01
5.017320e-01
5.018502e-01
5.019674e-01
5.020834e-01
5.021981e-01
5.023115e-01
5.024235e-01
5.025340e-01
5.026430e-01
5.027504e-01
5.028562e-01
5.029602e-01
5.030625e-01
5.031629e-01
5.032614e-01
5.033580e-01
5.034525e-01
5.035449e-01
5.036353e-01
1.000000e+00
5.001210e-01
5.002419e-01
5.003626e-01
5.004831e-01
5.006034e-01
5.007232e-01
5.008427e-01
5.009616e-01
5.010799e-01
5.011976e-01
5.013146e-01
5.014308e-01
5.015461e-01
5.016605e-01
5.017739e-01
5.018862e-01
5.019974e-01
5.021074e-01
5.022161e-01
5.023235e-01
5.024295e-01
5.025340e-01
5.026370e-01
5.027384e-01
5.028381e-01
5.029362e-01
5.030325e-01
5.031269e-01
5.032195e-01
5.033101e-01
5.033987e-01
5.034853e-01
1.000000e+00
5.001157e-01
5.002313e-01
5.003468e-01
5.004620e-01
5.005770e-01
5.006917e-01
5.008059e-01
5.009196e-01
5.010328e-01
5.011454e-01
5.012573e-01
5.013684e-01
5.014787e-01
5.015881e-01
5.016965e-01
5.018040e-01
5.019103e-01
5.020155e-01
5.021195e-01
5.022221e-01
5.023235e-01
5.024235e-01
5.025220e-01
5.026189e-01
5.027143e-01
5.028081e-01
5.029002e-01
5.029905e-01
5.030790e-01
5.031657e-01
5.032505e-01
5.033333e-01
1.000000e+00
5.001103e-01
5.002206e-01
5.003308e-01
5.004407e-01
5.005504e-01
5.006597e-01
5.007687e-01
5.008771e-01
5.009851e-01
5.010925e-01
5.011992e-01
5.013052e-01
5.014103e-01
5.015147e-01
5.016181e-01
5.017206e-01
5.018220e-01
5.019223e-01
5.020215e-01
5.021195e-01
5.022161e-01
5.023115e-01
5.024054e-01
5.024979e-01
5.025889e-01
5.026783e-01
5.027662e-01
5.028523e-01
5.029367e-01
5.030194e-01
5.031003e-01
5.031792e-01
1.000000e+00
5.001049e-01
5.002098e-01
5.003145e-01
5.004191e-01
5.005234e-01
5.006274e-01
5.007310e-01
5.008341e-01
5.009368e-01
5.010389e-01
5.011403e-01
5.012411e-01
5.013412e-01
5.014404e-01
5.015387e-01
5.016362e-01
5.017326e-01
5.018280e-01
5.019223e-01
5.020155e-01
5.021074e-01
5.021981e-01
5.022874e-01
5.023754e-01
5.024619e-01
5.025469e-01
5.026305e-01
5.027124e-01
5.027927e-01
5.028713e-01
5.029482e-01
5.030233e-01
1.000000e+00
5.000995e-01
5.001988e-01
5.002981e-01
5.003972e-01
5.004961e-01
5.005946e-01
5.006928e-01
5.007906e-01
5.008879e-01
5.009847e-01
5.010808e-01
5.011764e-01
5.012712e-01
5.013652e-01
5.014584e-01
5.015508e-01
5.016422e-01
5.017326e-01
5.018220e-01
5.019103e-01
5.019974e-01
5.020834e-01
5.021680e-01
5.022514e-01
5.023334e-01
5.024140e-01
5.024932e-01
5.025708e-01
5.026469e-01
5.027214e-01
5.027943e-01
5.028655e-01
1.000000e+00
5.000939e-01
5.001878e-01
5.002815e-01
5.003751e-01
5.004684e-01
5.005615e-01
5.006542e-01
5.007466e-01
5.008385e-01
5.009298e-01
5.010207e-01
5.011109e-01
5.012004e-01
5.012892e-01
5.013773e-01
5.014645e-01
5.015508e-01
5.016362e-01
5.017206e-01
5.018040e-01
5.018862e-01
5.019674e-01
5.020473e-01
5.021261e-01
5.022035e-01
5.022796e-01
5.023544e-01
5.024277e-01
5.024996e-01
5.025699e-01
5.026388e-01
5.027060e-01
1.000000e+00
5.000883e-01
5.001766e-01
5.002648e-01
5.003528e-01
5.004405e-01
5.005281e-01
5.006153e-01
5.007021e-01
5.007885e-01
5.008745e-01
5.009599e-01
5.010447e-01
5.011289e-01
5.012124e-01
5.012952e-01
5.013773e-01
5.014584e-01
5.015387e-01
5.016181e-01
5.016965e-01
5.017739e-01
5.018502e-01
5.019254e-01
5.019995e-01
5.020723e-01
5.021439e-01
5.022142e-01
5.022831e-01
5.023507e-01
5.024169e-01
5.024816e-01
5.025448e-01
1.000000e+00
5.000827e-01
5.001653e-01
5.002478e-01
5.003302e-01
5.004124e-01
5.004943e-01
5.005760e-01
5.006572e-01
5.007381e-01
5.008186e-01
5.008985e-01
5.009779e-01
5.010568e-01
5.011349e-01
5.012124e-01
5.012892e-01
5.013652e-01
5.014404e-01
5.015147e-01
5.015881e-01
5.016605e-01
5.017320e-01
5.018024e-01
5.018717e-01
5.019398e-01
5.020069e-01
5.020727e-01
5.021372e-01
5.022005e-01
5.022624e-01
5.023230e-01
5.023822e-01
1.000000e+00
5.000770e-01
5.001539e-01
5.002308e-01
5.003075e-01
5.003840e-01
5.004603e-01
5.005363e-01
5.006120e-01
5.006873e-01
5.007622e-01
5.008366e-01
5.009106e-01
5.009840e-01
5.010568e-01
5.011289e-01
5.012004e-01
5.012712e-01
5.013412e-01
5.014103e-01
5.014787e-01
5.015461e-01
5.016126e-01
5.016782e-01
5.017427e-01
5.018062e-01
5.018686e-01
5.019299e-01
5.019900e-01
5.020489e-01
5.021066e-01
5.021630e-01
5.022181e-01
1.000000e+00
5.000712e-01
5.001424e-01
5.002135e-01
5.002845e-01
5.003553e-01
5.004259e-01
5.004963e-01
5.005663e-01
5.006360e-01
5.007053e-01
5.007742e-01
5.008427e-01
5.009106e-01
5.009779e-01
5.010447e-01
5.011109e-01
5.011764e-01
5.012411e-01
5.013052e-01
5.013684e-01
5.014308e-01
5.014924e-01
5.015530e-01
5.016127e-01
5.016715e-01
5.017292e-01
5.017859e-01
5.018415e-01
5.018961e-01
5.019494e-01
5.020016e-01
5.020526e-01
1.000000e+00
5.000655e-01
5.001309e-01
5.001962e-01
5.002614e-01
5.003265e-01
5.003913e-01
5.004560e-01
5.005203e-01
5.005844e-01
5.006481e-01
5.007114e-01
5.007742e-01
5.008366e-01
5.008985e-01
5.009599e-01
5.010207e-01
5.010808e-01
5.011403e-01
5.011992e-01
5.012573e-01
5.013146e-01
5.013712e-01
5.014269e-01
5.014818e-01
5.015358e-01
5.015888e-01
5.016409e-01
5.016920e-01
5.017421e-01
5.017911e-01
5.018391e-01
5.018859e-01
1.000000e+00
5.000596e-01
5.001192e-01
5.001787e-01
5.002382e-01
5.002974e-01
5.003565e-01
5.004154e-01
5.004740e-01
5.005324e-01
5.005904e-01
5.006481e-01
5.007053e-01
5.007622e-01
5.008186e-01
5.008745e-01
5.009298e-01
5.009847e-01
5.010389e-01
5.010925e-01
5.011454e-01
5.011976e-01
5.012492e-01
5.012999e-01
5.013499e-01
5.013991e-01
5.014474e-01
5.014949e-01
5.015414e-01
5.015871e-01
5.016318e-01
5.016754e-01
5.017181e-01
1.000000e+00
5.000538e-01
5.001075e-01
5.001612e-01
5.002148e-01
5.002682e-01
5.003215e-01
5.003746e-01
5.004274e-01
5.004801e-01
5.005324e-01
5.005844e-01
5.006360e-01
5.006873e-01
5.007381e-01
5.007885e-01
5.008385e-01
5.008879e-01
5.009368e-01
5.009851e-01
5.010328e-01
5.010799e-01
5.011264e-01
5.011722e-01
5.012173e-01
5.012616e-01
5.013052e-01
5.013480e-01
5.013900e-01
5.014311e-01
5.014714e-01
5.015108e-01
5.015493e-01
1.000000e+00
5.000479e-01
5.000957e-01
5.001435e-01
5.001912e-01
5.002388e-01
5.002863e-01
5.003335e-01
5.003806e-01
5.004274e-01
5.004740e-01
5.005203e-01
5.005663e-01
5.006120e-01
5.006572e-01
5.007021e-01
5.007466e-01
5.007906e-01
5.008341e-01
5.008771e-01
5.009196e-01
5.009616e-01
5.010030e-01
5.010437e-01
5.010839e-01
5.011233e-01
5.011622e-01
5.012003e-01
5.012376e-01
5.012743e-01
5.013101e-01
5.013452e-01
5.013795e-01
1.000000e+00
5.000420e-01
5.000839e-01
5.001258e-01
5.001676e-01
5.002093e-01
5.002509e-01
5.002923e-01
5.003335e-01
5.003746e-01
5.004154e-01
5.004560e-01
5.004963e-01
5.005363e-01
5.005760e-01
5.006153e-01
5.006542e-01
5.006928e-01
5.007310e-01
5.007687e-01
5.008059e-01
5.008427e-01
5.008789e-01
5.009146e-01
5.009498e-01
5.009844e-01
5.010184e-01
5.010518e-01
5.010846e-01
5.011167e-01
5.011481e-01
5.011789e-01
5.012089e-01
1.000000e+00
5.000360e-01
5.000720e-01
5.001079e-01
5.001438e-01
5.001796e-01
5.002153e-01
5.002509e-01
5.002863e-01
5.003215e-01
5.003565e-01
5.003913e-01
5.004259e-01
5.004603e-01
5.004943e-01
5.005281e-01
5.005615e-01
5.005946e-01
5.006274e-01
5.006597e-01
5.006917e-01
5.007232e-01
5.007543e-01
5.007850e-01
5.008152e-01
5.008449e-01
5.008741e-01
5.009027e-01
5.009308e-01
5.009584e-01
5.009854e-01
5.010118e-01
5.010375e-01
1.000000e+00
5.000300e-01
5.000601e-01
5.000901e-01
5.001200e-01
5.001498e-01
5.001796e-01
5.002093e-01
5.002388e-01
5.002682e-01
5.002974e-01
5.003265e-01
5.003553e-01
5.003840e-01
5.004124e-01
5.004405e-01
5.004684e-01
5.004961e-01
5.005234e-01
5.005504e-01
5.005770e-01
5.006034e-01
5.006293e-01
5.006549e-01
5.006801e-01
5.007049e-01
5.007292e-01
5.007531e-01
5.007766e-01
5.007996e-01
5.008221e-01
5.008441e-01
5.008656e-01
1.000000e+00
5.000241e-01
5.000481e-01
5.000721e-01
5.000961e-01
5.001200e-01
5.001438e-01
5.001676e-01
5.001912e-01
5.002148e-01
5.002382e-01
5.002614e-01
5.002845e-01
5.003075e-01
5.003302e-01
5.003528e-01
5.003751e-01
5.003972e-01
5.004191e-01
5.004407e-01
5.004620e-01
5.004831e-01
5.005039e-01
5.005244e-01
5.005446e-01
5.005644e-01
5.005839e-01
5.006030e-01
5.006218e-01
5.006402e-01
5.006582e-01
5.006759e-01
5.006931e-01
1.000000e+00
5.000181e-01
5.000361e-01
5.000541e-01
5.000721e-01
5.000901e-01
5.001079e-01
5.001258e-01
5.001435e-01
5.001612e-01
5.001787e-01
5.001962e-01
5.002135e-01
5.002308e-01
5.002478e-01
5.002648e-01
5.002815e-01
5.002981e-01
5.003145e-01
5.003308e-01
5.003468e-01
5.003626e-01
5.003782e-01
5.003936e-01
5.004087e-01
5.004236e-01
5.004382e-01
5.004526e-01
5.004667e-01
5.004805e-01
5.004940e-01
5.005073e-01
5.005202e-01
1.000000e+00
5.000120e-01
5.000241e-01
5.000361e-01
5.000481e-01
5.000601e-01
5.000720e-01
5.000839e-01
5.000957e-01
5.001075e-01
5.001192e-01
5.001309e-01
5.001424e-01
5.001539e-01
5.001653e-01
5.001766e-01
5.001878e-01
5.001988e-01
5.002098e-01
5.002206e-01
5.002313e-01
5.002419e-01
5.002523e-01
5.002625e-01
5.002726e-01
5.002825e-01
5.002923e-01
5.003019e-01
5.003113e-01
5.003205e-01
5.003295e-01
5.003383e-01
5.003470e-01
1.000000e+00
5.000060e-01
5.000120e-01
5.000181e-01
5.000241e-01
5.000300e-01
5.000360e-01
5.000420e-01
5.000479e-01
5.000538e-01
5.000596e-01
5.000655e-01
5.000712e-01
5.000770e-01
5.000827e-01
5.000883e-01
5.000939e-01
5.000995e-01
5.001049e-01
5.001103e-01
5.001157e-01
5.001210e-01
5.001262e-01
5.001313e-01
5.001363e-01
5.001413e-01
5.001462e-01
5.001510e-01
5.001557e-01
5.001603e-01
5.001648e-01
5.001692e-01
5.001735e-01
1.000000e+00
5.000000e-01
5.000000e-01
5.000000e-01
5.000000e-01
5.000000e-01
5.000000e-01
5.000000e-01
5.000000e-01
5.000000e-01
5.000000e-01
5.000000e-01
5.000000e-01
5.000000e-01
5.000000e-01
5.000000e-01
5.000000e-01
5.000000e-01
5.000000e-01
5.000000e-01
5.000000e-01
5.000000e-01
5.000000e-01
5.000000e-01
5.000000e-01
5.000000e-01
5.000000e-01
5.000000e-01
5.000000e-01
5.000000e-01
5.000000e-01
5.000000e-01
5.000000e-01
