4.929289e-01
4.929311e-01
4.929374e-01
4.929481e-01
4.929630e-01
4.929821e-01
4.930055e-01
4.930330e-01
4.930648e-01
4.931007e-01
4.931408e-01
4.931851e-01
4.932334e-01
4.932858e-01
4.933423e-01
4.934027e-01
4.934672e-01
4.935356e-01
4.936078e-01
4.936840e-01
4.937639e-01
4.938476e-01
4.939349e-01
4.940260e-01
4.941206e-01
4.942188e-01
4.943205e-01
4.944255e-01
4.945340e-01
4.946457e-01
4.947607e-01
4.948788e-01
4.950000e-01
4.927575e-01
4.927597e-01
4.927663e-01
4.927772e-01
4.927924e-01
4.928120e-01
4.928359e-01
4.928642e-01
4.928967e-01
4.929335e-01
4.929746e-01
4.930199e-01
4.930694e-01
4.931231e-01
4.931809e-01
4.932428e-01
4.933088e-01
4.933789e-01
4.934529e-01
4.935308e-01
4.936127e-01
4.936984e-01
4.937879e-01
4.938812e-01
4.939781e-01
4.940787e-01
4.941828e-01
4.942904e-01
4.944015e-01
4.945159e-01
4.946337e-01
4.947547e-01
4.948788e-01
4.925905e-01
4.925927e-01
4.925994e-01
4.926106e-01
4.926262e-01
4.926462e-01
4.926707e-01
4.926996e-01
4.927329e-01
4.927705e-01
4.928125e-01
4.928589e-01
4.929095e-01
4.929645e-01
4.930236e-01
4.930870e-01
4.931545e-01
4.932262e-01
4.933019e-01
4.933816e-01
4.934654e-01
4.935531e-01
4.936447e-01
4.937400e-01
4.938392e-01
4.939421e-01
4.940486e-01
4.941587e-01
4.942724e-01
4.943895e-01
4.945099e-01
4.946337e-01
4.947607e-01
4.924279e-01
4.924302e-01
4.924370e-01
4.924484e-01
4.924644e-01
4.924849e-01
4.925099e-01
4.925394e-01
4.925734e-01
4.926119e-01
4.926548e-01
4.927022e-01
4.927540e-01
4.928101e-01
4.928705e-01
4.929353e-01
4.930043e-01
4.930775e-01
4.931549e-01
4.932364e-01
4.933220e-01
4.934116e-01
4.935052e-01
4.936027e-01
4.937040e-01
4.938092e-01
4.939180e-01
4.940306e-01
4.941467e-01
4.942663e-01
4.943895e-01
4.945159e-01
4.946457e-01
4.922699e-01
4.922722e-01
4.922792e-01
4.922908e-01
4.923071e-01
4.923280e-01
4.923536e-01
4.923837e-01
4.924184e-01
4.924577e-01
4.925016e-01
4.925499e-01
4.926028e-01
4.926600e-01
4.927218e-01
4.927879e-01
4.928583e-01
4.929331e-01
4.930121e-01
4.930953e-01
4.931827e-01
4.932741e-01
4.933697e-01
4.934692e-01
4.935727e-01
4.936800e-01
4.937911e-01
4.939060e-01
4.940245e-01
4.941467e-01
4.942724e-01
4.944015e-01
4.945340e-01
4.921165e-01
4.921189e-01
4.921260e-01
4.921379e-01
4.921545e-01
4.921758e-01
4.922019e-01
4.922326e-01
4.922680e-01
4.923081e-01
4.923528e-01
4.924021e-01
4.924560e-01
4.925144e-01
4.925774e-01
4.926448e-01
4.927166e-01
4.927929e-01
4.928734e-01
4.929583e-01
4.930474e-01
4.931407e-01
4.932381e-01
4.933396e-01
4.934451e-01
4.935546e-01
4.936679e-01
4.937851e-01
4.939060e-01
4.940306e-01
4.941587e-01
4.942904e-01
4.944255e-01
4.919679e-01
4.919703e-01
4.919776e-01
4.919897e-01
4.920066e-01
4.920283e-01
4.920549e-01
4.920862e-01
4.921223e-01
4.921631e-01
4.922086e-01
4.922589e-01
4.923138e-01
4.923733e-01
4.924374e-01
4.925061e-01
4.925793e-01
4.926570e-01
4.927391e-01
4.928256e-01
4.929163e-01
4.930114e-01
4.931107e-01
4.932141e-01
4.933216e-01
4.934331e-01
4.935486e-01
4.936679e-01
4.937911e-01
4.939180e-01
4.940486e-01
4.941828e-01
4.943205e-01
4.918242e-01
4.918266e-01
4.918340e-01
4.918463e-01
4.918635e-01
4.918856e-01
4.919126e-01
4.919445e-01
4.919812e-01
4.920228e-01
4.920692e-01
4.921203e-01
4.921762e-01
4.922368e-01
4.923021e-01
4.923720e-01
4.924465e-01
4.925256e-01
4.926091e-01
4.926971e-01
4.927895e-01
4.928863e-01
4.929873e-01
4.930926e-01
4.932020e-01
4.933156e-01
4.934331e-01
4.935546e-01
4.936800e-01
4.938092e-01
4.939421e-01
4.940787e-01
4.942188e-01
4.916853e-01
4.916878e-01
4.916953e-01
4.917078e-01
4.917253e-01
4.917478e-01
4.917753e-01
4.918077e-01
4.918451e-01
4.918873e-01
4.919345e-01
4.919865e-01
4.920433e-01
4.921050e-01
4.921713e-01
4.922424e-01
4.923182e-01
4.923986e-01
4.924836e-01
4.925731e-01
4.926671e-01
4.927655e-01
4.928682e-01
4.929753e-01
4.930866e-01
4.932020e-01
4.933216e-01
4.934451e-01
4.935727e-01
4.937040e-01
4.938392e-01
4.939781e-01
4.941206e-01
4.915515e-01
4.915540e-01
4.915616e-01
4.915744e-01
4.915921e-01
4.916150e-01
4.916429e-01
4.916758e-01
4.917138e-01
4.917567e-01
4.918047e-01
4.918575e-01
4.919153e-01
4.919779e-01
4.920453e-01
4.921176e-01
4.921946e-01
4.922763e-01
4.923626e-01
4.924536e-01
4.925491e-01
4.926490e-01
4.927534e-01
4.928622e-01
4.929753e-01
4.930926e-01
4.932141e-01
4.933396e-01
4.934692e-01
4.936027e-01
4.937400e-01
4.938812e-01
4.940260e-01
4.914227e-01
4.914253e-01
4.914330e-01
4.914460e-01
4.914640e-01
4.914872e-01
4.915156e-01
4.915490e-01
4.915875e-01
4.916311e-01
4.916798e-01
4.917334e-01
4.917920e-01
4.918556e-01
4.919241e-01
4.919975e-01
4.920756e-01
4.921586e-01
4.922462e-01
4.923386e-01
4.924355e-01
4.925370e-01
4.926430e-01
4.927534e-01
4.928682e-01
4.929873e-01
4.931107e-01
4.932381e-01
4.933697e-01
4.935052e-01
4.936447e-01
4.937879e-01
4.939349e-01
4.912991e-01
4.913018e-01
4.913096e-01
4.913227e-01
4.913410e-01
4.913646e-01
4.913933e-01
4.914272e-01
4.914663e-01
4.915105e-01
4.915599e-01
4.916143e-01
4.916738e-01
4.917383e-01
4.918077e-01
4.918822e-01
4.919614e-01
4.920456e-01
4.921345e-01
4.922282e-01
4.923265e-01
4.924295e-01
4.925370e-01
4.926490e-01
4.927655e-01
4.928863e-01
4.930114e-01
4.931407e-01
4.932741e-01
4.934116e-01
4.935531e-01
4.936984e-01
4.938476e-01
4.911808e-01
4.911834e-01
4.911914e-01
4.912047e-01
4.912233e-01
4.912471e-01
4.912762e-01
4.913106e-01
4.913502e-01
4.913951e-01
4.914451e-01
4.915003e-01
4.915605e-01
4.916259e-01
4.916963e-01
4.917717e-01
4.918521e-01
4.919374e-01
4.920275e-01
4.921225e-01
4.922221e-01
4.923265e-01
4.924355e-01
4.925491e-01
4.926671e-01
4.927895e-01
4.929163e-01
4.930474e-01
4.931827e-01
4.933220e-01
4.934654e-01
4.936127e-01
4.937639e-01
4.910678e-01
4.910704e-01
4.910785e-01
4.910920e-01
4.911108e-01
4.911349e-01
4.911644e-01
4.911993e-01
4.912394e-01
4.912848e-01
4.913354e-01
4.913913e-01
4.914524e-01
4.915186e-01
4.915899e-01
4.916663e-01
4.917477e-01
4.918341e-01
4.919253e-01
4.920215e-01
4.921225e-01
4.922282e-01
4.923386e-01
4.924536e-01
4.925731e-01
4.926971e-01
4.928256e-01
4.929583e-01
4.930953e-01
4.932364e-01
4.933816e-01
4.935308e-01
4.936840e-01
4.909601e-01
4.909628e-01
4.909710e-01
4.909846e-01
4.910036e-01
4.910281e-01
4.910580e-01
4.910932e-01
4.911338e-01
4.911798e-01
4.912310e-01
4.912876e-01
4.913494e-01
4.914164e-01
4.914885e-01
4.915658e-01
4.916482e-01
4.917356e-01
4.918280e-01
4.919253e-01
4.920275e-01
4.921345e-01
4.922462e-01
4.923626e-01
4.924836e-01
4.926091e-01
4.927391e-01
4.928734e-01
4.930121e-01
4.931549e-01
4.933019e-01
4.934529e-01
4.936078e-01
4.908579e-01
4.908607e-01
4.908689e-01
4.908827e-01
4.909019e-01
4.909267e-01
4.909569e-01
4.909925e-01
4.910336e-01
4.910800e-01
4.911319e-01
4.911891e-01
4.912516e-01
4.913193e-01
4.913923e-01
4.914705e-01
4.915538e-01
4.916422e-01
4.917356e-01
4.918341e-01
4.919374e-01
4.920456e-01
4.921586e-01
4.922763e-01
4.923986e-01
4.925256e-01
4.926570e-01
4.927929e-01
4.929331e-01
4.930775e-01
4.932262e-01
4.933789e-01
4.935356e-01
4.907612e-01
4.907640e-01
4.907723e-01
4.907862e-01
4.908057e-01
4.908307e-01
4.908612e-01
4.908972e-01
4.909387e-01
4.909857e-01
4.910381e-01
4.910959e-01
4.911590e-01
4.912275e-01
4.913013e-01
4.913803e-01
4.914645e-01
4.915538e-01
4.916482e-01
4.917477e-01
4.918521e-01
4.919614e-01
4.920756e-01
4.921946e-01
4.923182e-01
4.924465e-01
4.925793e-01
4.927166e-01
4.928583e-01
4.930043e-01
4.931545e-01
4.933088e-01
4.934672e-01
4.906701e-01
4.906729e-01
4.906813e-01
4.906954e-01
4.907150e-01
4.907402e-01
4.907711e-01
4.908074e-01
4.908493e-01
4.908968e-01
4.909497e-01
4.910080e-01
4.910718e-01
4.911410e-01
4.912155e-01
4.912952e-01
4.913803e-01
4.914705e-01
4.915658e-01
4.916663e-01
4.917717e-01
4.918822e-01
4.919975e-01
4.921176e-01
4.922424e-01
4.923720e-01
4.925061e-01
4.926448e-01
4.927879e-01
4.929353e-01
4.930870e-01
4.932428e-01
4.934027e-01
4.905846e-01
4.905874e-01
4.905959e-01
4.906101e-01
4.906299e-01
4.906554e-01
4.906865e-01
4.907232e-01
4.907655e-01
4.908133e-01
4.908667e-01
4.909256e-01
4.909900e-01
4.910598e-01
4.911349e-01
4.912155e-01
4.913013e-01
4.913923e-01
4.914885e-01
4.915899e-01
4.916963e-01
4.918077e-01
4.919241e-01
4.920453e-01
4.921713e-01
4.923021e-01
4.924374e-01
4.925774e-01
4.927218e-01
4.928705e-01
4.930236e-01
4.931809e-01
4.933423e-01
4.905047e-01
4.905076e-01
4.905162e-01
4.905304e-01
4.905504e-01
4.905761e-01
4.906075e-01
4.906445e-01
4.906872e-01
4.907354e-01
4.907893e-01
4.908487e-01
4.909136e-01
4.909840e-01
4.910598e-01
4.911410e-01
4.912275e-01
4.913193e-01
4.914164e-01
4.915186e-01
4.916259e-01
4.917383e-01
4.918556e-01
4.919779e-01
4.921050e-01
4.922368e-01
4.923733e-01
4.925144e-01
4.926600e-01
4.928101e-01
4.929645e-01
4.931231e-01
4.932858e-01
4.904306e-01
4.904335e-01
4.904421e-01
4.904565e-01
4.904767e-01
4.905026e-01
4.905342e-01
4.905715e-01
4.906145e-01
4.906631e-01
4.907174e-01
4.907772e-01
4.908427e-01
4.909136e-01
4.909900e-01
4.910718e-01
4.911590e-01
4.912516e-01
4.913494e-01
4.914524e-01
4.915605e-01
4.916738e-01
4.917920e-01
4.919153e-01
4.920433e-01
4.921762e-01
4.923138e-01
4.924560e-01
4.926028e-01
4.927540e-01
4.929095e-01
4.930694e-01
4.932334e-01
4.903622e-01
4.903651e-01
4.903738e-01
4.903884e-01
4.904086e-01
4.904347e-01
4.904666e-01
4.905041e-01
4.905474e-01
4.905964e-01
4.906511e-01
4.907114e-01
4.907772e-01
4.908487e-01
4.909256e-01
4.910080e-01
4.910959e-01
4.911891e-01
4.912876e-01
4.913913e-01
4.915003e-01
4.916143e-01
4.917334e-01
4.918575e-01
4.919865e-01
4.921203e-01
4.922589e-01
4.924021e-01
4.925499e-01
4.927022e-01
4.928589e-01
4.930199e-01
4.931851e-01
4.902997e-01
4.903026e-01
4.903114e-01
4.903260e-01
4.903464e-01
4.903726e-01
4.904047e-01
4.904425e-01
4.904861e-01
4.905354e-01
4.905904e-01
4.906511e-01
4.907174e-01
4.907893e-01
4.908667e-01
4.909497e-01
4.910381e-01
4.911319e-01
4.912310e-01
4.913354e-01
4.914451e-01
4.915599e-01
4.916798e-01
4.918047e-01
4.919345e-01
4.920692e-01
4.922086e-01
4.923528e-01
4.925016e-01
4.926548e-01
4.928125e-01
4.929746e-01
4.931408e-01
4.902430e-01
4.902459e-01
4.902547e-01
4.902694e-01
4.902900e-01
4.903164e-01
4.903486e-01
4.903866e-01
4.904305e-01
4.904801e-01
4.905354e-01
4.905964e-01
4.906631e-01
4.907354e-01
4.908133e-01
4.908968e-01
4.909857e-01
4.910800e-01
4.911798e-01
4.912848e-01
4.913951e-01
4.915105e-01
4.916311e-01
4.917567e-01
4.918873e-01
4.920228e-01
4.921631e-01
4.923081e-01
4.924577e-01
4.926119e-01
4.927705e-01
4.929335e-01
4.931007e-01
4.901921e-01
4.901951e-01
4.902040e-01
4.902187e-01
4.902394e-01
4.902659e-01
4.902983e-01
4.903365e-01
4.903806e-01
4.904305e-01
4.904861e-01
4.905474e-01
4.906145e-01
4.906872e-01
4.907655e-01
4.908493e-01
4.909387e-01
4.910336e-01
4.911338e-01
4.912394e-01
4.913502e-01
4.914663e-01
4.915875e-01
4.917138e-01
4.918451e-01
4.919812e-01
4.921223e-01
4.922680e-01
4.924184e-01
4.925734e-01
4.927329e-01
4.928967e-01
4.930648e-01
4.901472e-01
4.901502e-01
4.901591e-01
4.901739e-01
4.901947e-01
4.902213e-01
4.902539e-01
4.902923e-01
4.903365e-01
4.903866e-01
4.904425e-01
4.905041e-01
4.905715e-01
4.906445e-01
4.907232e-01
4.908074e-01
4.908972e-01
4.909925e-01
4.910932e-01
4.911993e-01
4.913106e-01
4.914272e-01
4.915490e-01
4.916758e-01
4.918077e-01
4.919445e-01
4.920862e-01
4.922326e-01
4.923837e-01
4.925394e-01
4.926996e-01
4.928642e-01
4.930330e-01
4.901082e-01
4.901112e-01
4.901201e-01
4.901350e-01
4.901559e-01
4.901826e-01
4.902153e-01
4.902539e-01
4.902983e-01
4.903486e-01
4.904047e-01
4.904666e-01
4.905342e-01
4.906075e-01
4.906865e-01
4.907711e-01
4.908612e-01
4.909569e-01
4.910580e-01
4.911644e-01
4.912762e-01
4.913933e-01
4.915156e-01
4.916429e-01
4.917753e-01
4.919126e-01
4.920549e-01
4.922019e-01
4.923536e-01
4.925099e-01
4.926707e-01
4.928359e-01
4.930055e-01
4.900752e-01
4.900782e-01
4.900872e-01
4.901021e-01
4.901230e-01
4.901498e-01
4.901826e-01
4.902213e-01
4.902659e-01
4.903164e-01
4.903726e-01
4.904347e-01
4.905026e-01
4.905761e-01
4.906554e-01
4.907402e-01
4.908307e-01
4.909267e-01
4.910281e-01
4.911349e-01
4.912471e-01
4.913646e-01
4.914872e-01
4.916150e-01
4.917478e-01
4.918856e-01
4.920283e-01
4.921758e-01
4.923280e-01
4.924849e-01
4.926462e-01
4.928120e-01
4.929821e-01
4.900482e-01
4.900512e-01
4.900601e-01
4.900751e-01
4.900961e-01
4.901230e-01
4.901559e-01
4.901947e-01
4.902394e-01
4.902900e-01
4.903464e-01
4.904086e-01
4.904767e-01
4.905504e-01
4.906299e-01
4.907150e-01
4.908057e-01
4.909019e-01
4.910036e-01
4.911108e-01
4.912233e-01
4.913410e-01
4.914640e-01
4.915921e-01
4.917253e-01
4.918635e-01
4.920066e-01
4.921545e-01
4.923071e-01
4.924644e-01
4.926262e-01
4.927924e-01
4.929630e-01
4.900271e-01
4.900301e-01
4.900391e-01
4.900541e-01
4.900751e-01
4.901021e-01
4.901350e-01
4.901739e-01
4.902187e-01
4.902694e-01
4.903260e-01
4.903884e-01
4.904565e-01
4.905304e-01
4.906101e-01
4.906954e-01
4.907862e-01
4.908827e-01
4.909846e-01
4.910920e-01
4.912047e-01
4.913227e-01
4.914460e-01
4.915744e-01
4.917078e-01
4.918463e-01
4.919897e-01
4.921379e-01
4.922908e-01
4.924484e-01
4.926106e-01
4.927772e-01
4.929481e-01
4.900120e-01
4.900151e-01
4.900241e-01
4.900391e-01
4.900601e-01
4.900872e-01
4.901201e-01
4.901591e-01
4.902040e-01
4.902547e-01
4.903114e-01
4.903738e-01
4.904421e-01
4.905162e-01
4.905959e-01
4.906813e-01
4.907723e-01
4.908689e-01
4.909710e-01
4.910785e-01
4.911914e-01
4.913096e-01
4.914330e-01
4.915616e-01
4.916953e-01
4.918340e-01
4.919776e-01
4.921260e-01
4.922792e-01
4.924370e-01
4.925994e-01
4.927663e-01
4.929374e-01
4.900030e-01
4.900060e-01
4.900151e-01
4.900301e-01
4.900512e-01
4.900782e-01
4.901112e-01
4.901502e-01
4.901951e-01
4.902459e-01
4.903026e-01
4.903651e-01
4.904335e-01
4.905076e-01
4.905874e-01
4.906729e-01
4.907640e-01
4.908607e-01
4.909628e-01
4.910704e-01
4.911834e-01
4.913018e-01
4.914253e-01
4.915540e-01
4.916878e-01
4.918266e-01
4.919703e-01
4.921189e-01
4.922722e-01
4.924302e-01
4.925927e-01
4.927597e-01
4.929311e-01
4.900000e-01
4.900030e-01
4.900120e-01
4.900271e-01
4.900482e-01
4.900752e-01
4.901082e-01
4.901472e-01
4.901921e-01
4.902430e-01
4.902997e-01
4.903622e-01
4.904306e-01
4.905047e-01
4.905846e-01
4.906701e-01
4.907612e-01
4.908579e-01
4.909601e-01
4.910678e-01
4.911808e-01
4.912991e-01
4.914227e-01
4.915515e-01
4.916853e-01
4.918242e-01
4.919679e-01
4.921165e-01
4.922699e-01
4.924279e-01
4.925905e-01
4.927575e-01
4.929289e-01
