5.070711e-01
5.070689e-01
5.070626e-01
5.070519e-01
5.070370e-01
5.070179e-01
5.069945e-01
5.069670e-01
5.069352e-01
5.068993e-01
5.068592e-01
5.068149e-01
5.067666e-01
5.067142e-01
5.066577e-01
5.065973e-01
5.065328e-01
5.064644e-01
5.063922e-01
5.063160e-01
5.062361e-01
5.061524e-01
5.060651e-01
5.059740e-01
5.058794e-01
5.057812e-01
5.056795e-01
5.055745e-01
5.054660e-01
5.053543e-01
5.052393e-01
5.051212e-01
5.050000e-01
5.068954e-01
5.068933e-01
5.068871e-01
5.068767e-01
5.068622e-01
5.068435e-01
5.068208e-01
5.067939e-01
5.067629e-01
5.067279e-01
5.066888e-01
5.066456e-01
5.065985e-01
5.065474e-01
5.064923e-01
5.064334e-01
5.063705e-01
5.063038e-01
5.062334e-01
5.061591e-01
5.060812e-01
5.059996e-01
5.059144e-01
5.058256e-01
5.057333e-01
5.056376e-01
5.055384e-01
5.054360e-01
5.053302e-01
5.052213e-01
5.051092e-01
5.049940e-01
5.048758e-01
5.067156e-01
5.067136e-01
5.067075e-01
5.066974e-01
5.066833e-01
5.066651e-01
5.066429e-01
5.066167e-01
5.065866e-01
5.065524e-01
5.065143e-01
5.064723e-01
5.064264e-01
5.063766e-01
5.063230e-01
5.062656e-01
5.062044e-01
5.061395e-01
5.060708e-01
5.059985e-01
5.059226e-01
5.058431e-01
5.057602e-01
5.056737e-01
5.055838e-01
5.054906e-01
5.053940e-01
5.052942e-01
5.051912e-01
5.050851e-01
5.049759e-01
5.048637e-01
5.047486e-01
5.065317e-01
5.065298e-01
5.065239e-01
5.065140e-01
5.065003e-01
5.064826e-01
5.064610e-01
5.064356e-01
5.064062e-01
5.063730e-01
5.063360e-01
5.062951e-01
5.062505e-01
5.062021e-01
5.061499e-01
5.060941e-01
5.060345e-01
5.059714e-01
5.059046e-01
5.058343e-01
5.057605e-01
5.056832e-01
5.056025e-01
5.055184e-01
5.054309e-01
5.053402e-01
5.052463e-01
5.051493e-01
5.050491e-01
5.049459e-01
5.048397e-01
5.047306e-01
5.046186e-01
5.063439e-01
5.063420e-01
5.063363e-01
5.063267e-01
5.063134e-01
5.062962e-01
5.062753e-01
5.062505e-01
5.062220e-01
5.061898e-01
5.061538e-01
5.061141e-01
5.060708e-01
5.060237e-01
5.059731e-01
5.059188e-01
5.058610e-01
5.057997e-01
5.057348e-01
5.056666e-01
5.055948e-01
5.055198e-01
5.054414e-01
5.053597e-01
5.052748e-01
5.051867e-01
5.050955e-01
5.050012e-01
5.049039e-01
5.048037e-01
5.047005e-01
5.045946e-01
5.044858e-01
5.061523e-01
5.061505e-01
5.061449e-01
5.061356e-01
5.061227e-01
5.061060e-01
5.060857e-01
5.060617e-01
5.060341e-01
5.060028e-01
5.059679e-01
5.059295e-01
5.058874e-01
5.058418e-01
5.057927e-01
5.057401e-01
5.056840e-01
5.056245e-01
5.055616e-01
5.054954e-01
5.054259e-01
5.053531e-01
5.052770e-01
5.051978e-01
5.051155e-01
5.050300e-01
5.049416e-01
5.048502e-01
5.047558e-01
5.046586e-01
5.045586e-01
5.044558e-01
5.043503e-01
5.059570e-01
5.059552e-01
5.059498e-01
5.059409e-01
5.059283e-01
5.059122e-01
5.058925e-01
5.058693e-01
5.058425e-01
5.058123e-01
5.057785e-01
5.057412e-01
5.057005e-01
5.056563e-01
5.056088e-01
5.055578e-01
5.055035e-01
5.054459e-01
5.053851e-01
5.053209e-01
5.052536e-01
5.051831e-01
5.051095e-01
5.050328e-01
5.049531e-01
5.048703e-01
5.047847e-01
5.046962e-01
5.046048e-01
5.045107e-01
5.044138e-01
5.043143e-01
5.042122e-01
5.057581e-01
5.057563e-01
5.057511e-01
5.057425e-01
5.057304e-01
5.057148e-01
5.056958e-01
5.056733e-01
5.056474e-01
5.056182e-01
5.055855e-01
5.055495e-01
5.055101e-01
5.054675e-01
5.054215e-01
5.053722e-01
5.053198e-01
5.052641e-01
5.052052e-01
5.051433e-01
5.050782e-01
5.050100e-01
5.049389e-01
5.048647e-01
5.047877e-01
5.047077e-01
5.046249e-01
5.045394e-01
5.044511e-01
5.043601e-01
5.042665e-01
5.041703e-01
5.040716e-01
5.055557e-01
5.055540e-01
5.055490e-01
5.055406e-01
5.055290e-01
5.055139e-01
5.054956e-01
5.054739e-01
5.054490e-01
5.054207e-01
5.053892e-01
5.053545e-01
5.053165e-01
5.052753e-01
5.052309e-01
5.051834e-01
5.051328e-01
5.050791e-01
5.050223e-01
5.049625e-01
5.048997e-01
5.048339e-01
5.047653e-01
5.046938e-01
5.046194e-01
5.045423e-01
5.044624e-01
5.043798e-01
5.042946e-01
5.042068e-01
5.041165e-01
5.040237e-01
5.039285e-01
5.053500e-01
5.053484e-01
5.053435e-01
5.053355e-01
5.053242e-01
5.053097e-01
5.052921e-01
5.052712e-01
5.052472e-01
5.052200e-01
5.051896e-01
5.051562e-01
5.051196e-01
5.050800e-01
5.050372e-01
5.049915e-01
5.049427e-01
5.048910e-01
5.048363e-01
5.047787e-01
5.047183e-01
5.046549e-01
5.045888e-01
5.045199e-01
5.044483e-01
5.043741e-01
5.042971e-01
5.042176e-01
5.041356e-01
5.040510e-01
5.039641e-01
5.038747e-01
5.037830e-01
5.051410e-01
5.051395e-01
5.051348e-01
5.051271e-01
5.051163e-01
5.051024e-01
5.050854e-01
5.050653e-01
5.050422e-01
5.050161e-01
5.049870e-01
5.049548e-01
5.049197e-01
5.048816e-01
5.048405e-01
5.047965e-01
5.047497e-01
5.047000e-01
5.046474e-01
5.045921e-01
5.045340e-01
5.044731e-01
5.044096e-01
5.043434e-01
5.042746e-01
5.042032e-01
5.041293e-01
5.040529e-01
5.039741e-01
5.038928e-01
5.038093e-01
5.037234e-01
5.036353e-01
5.049290e-01
5.049275e-01
5.049230e-01
5.049156e-01
5.049052e-01
5.048919e-01
5.048756e-01
5.048564e-01
5.048343e-01
5.048092e-01
5.047813e-01
5.047504e-01
5.047167e-01
5.046802e-01
5.046409e-01
5.045987e-01
5.045538e-01
5.045061e-01
5.044557e-01
5.044027e-01
5.043470e-01
5.042886e-01
5.042277e-01
5.041643e-01
5.040983e-01
5.040299e-01
5.039590e-01
5.038857e-01
5.038102e-01
5.037323e-01
5.036521e-01
5.035698e-01
5.034853e-01
5.047140e-01
5.047125e-01
5.047083e-01
5.047012e-01
5.046913e-01
5.046785e-01
5.046629e-01
5.046446e-01
5.046234e-01
5.045994e-01
5.045727e-01
5.045432e-01
5.045110e-01
5.044760e-01
5.044384e-01
5.043981e-01
5.043551e-01
5.043096e-01
5.042614e-01
5.042106e-01
5.041573e-01
5.041016e-01
5.040433e-01
5.039826e-01
5.039195e-01
5.038541e-01
5.037863e-01
5.037162e-01
5.036439e-01
5.035695e-01
5.034928e-01
5.034141e-01
5.033333e-01
5.044961e-01
5.044948e-01
5.044907e-01
5.044839e-01
5.044745e-01
5.044623e-01
5.044474e-01
5.044299e-01
5.044097e-01
5.043869e-01
5.043614e-01
5.043332e-01
5.043025e-01
5.042692e-01
5.042333e-01
5.041948e-01
5.041539e-01
5.041104e-01
5.040644e-01
5.040160e-01
5.039652e-01
5.039120e-01
5.038564e-01
5.037986e-01
5.037384e-01
5.036760e-01
5.036113e-01
5.035445e-01
5.034755e-01
5.034045e-01
5.033314e-01
5.032563e-01
5.031792e-01
5.042756e-01
5.042743e-01
5.042704e-01
5.042640e-01
5.042550e-01
5.042434e-01
5.042293e-01
5.042126e-01
5.041934e-01
5.041717e-01
5.041474e-01
5.041207e-01
5.040914e-01
5.040598e-01
5.040256e-01
5.039891e-01
5.039501e-01
5.039088e-01
5.038651e-01
5.038190e-01
5.037707e-01
5.037201e-01
5.036673e-01
5.036122e-01
5.035550e-01
5.034956e-01
5.034342e-01
5.033706e-01
5.033050e-01
5.032375e-01
5.031680e-01
5.030966e-01
5.030233e-01
5.040524e-01
5.040512e-01
5.040475e-01
5.040414e-01
5.040329e-01
5.040219e-01
5.040086e-01
5.039928e-01
5.039745e-01
5.039539e-01
5.039310e-01
5.039056e-01
5.038779e-01
5.038479e-01
5.038155e-01
5.037809e-01
5.037439e-01
5.037048e-01
5.036633e-01
5.036197e-01
5.035739e-01
5.035260e-01
5.034759e-01
5.034237e-01
5.033695e-01
5.033132e-01
5.032549e-01
5.031947e-01
5.031326e-01
5.030685e-01
5.030026e-01
5.029349e-01
5.028655e-01
5.038268e-01
5.038257e-01
5.038222e-01
5.038165e-01
5.038084e-01
5.037981e-01
5.037854e-01
5.037705e-01
5.037533e-01
5.037339e-01
5.037121e-01
5.036882e-01
5.036621e-01
5.036337e-01
5.036031e-01
5.035704e-01
5.035355e-01
5.034985e-01
5.034594e-01
5.034182e-01
5.033750e-01
5.033297e-01
5.032824e-01
5.032331e-01
5.031819e-01
5.031288e-01
5.030737e-01
5.030169e-01
5.029582e-01
5.028977e-01
5.028355e-01
5.027716e-01
5.027060e-01
5.035990e-01
5.035979e-01
5.035946e-01
5.035892e-01
5.035816e-01
5.035719e-01
5.035600e-01
5.035460e-01
5.035298e-01
5.035115e-01
5.034911e-01
5.034686e-01
5.034440e-01
5.034173e-01
5.033886e-01
5.033578e-01
5.033250e-01
5.032902e-01
5.032534e-01
5.032147e-01
5.031740e-01
5.031314e-01
5.030869e-01
5.030406e-01
5.029924e-01
5.029424e-01
5.028907e-01
5.028372e-01
5.027820e-01
5.027252e-01
5.026666e-01
5.026065e-01
5.025448e-01
5.033689e-01
5.033679e-01
5.033648e-01
5.033598e-01
5.033527e-01
5.033436e-01
5.033324e-01
5.033193e-01
5.033042e-01
5.032870e-01
5.032679e-01
5.032469e-01
5.032238e-01
5.031989e-01
5.031720e-01
5.031432e-01
5.031125e-01
5.030799e-01
5.030454e-01
5.030092e-01
5.029711e-01
5.029312e-01
5.028896e-01
5.028462e-01
5.028011e-01
5.027544e-01
5.027059e-01
5.026559e-01
5.026042e-01
5.025510e-01
5.024962e-01
5.024399e-01
5.023822e-01
5.031368e-01
5.031359e-01
5.031330e-01
5.031283e-01
5.031217e-01
5.031132e-01
5.031029e-01
5.030906e-01
5.030765e-01
5.030606e-01
5.030428e-01
5.030232e-01
5.030017e-01
5.029785e-01
5.029535e-01
5.029266e-01
5.028980e-01
5.028677e-01
5.028356e-01
5.028019e-01
5.027664e-01
5.027293e-01
5.026905e-01
5.026502e-01
5.026082e-01
5.025646e-01
5.025195e-01
5.024729e-01
5.024248e-01
5.023752e-01
5.023242e-01
5.022718e-01
5.022181e-01
5.029028e-01
5.029020e-01
5.028994e-01
5.028950e-01
5.028889e-01
5.028810e-01
5.028714e-01
5.028601e-01
5.028471e-01
5.028323e-01
5.028159e-01
5.027977e-01
5.027779e-01
5.027563e-01
5.027332e-01
5.027083e-01
5.026819e-01
5.026538e-01
5.026241e-01
5.025929e-01
5.025601e-01
5.025257e-01
5.024899e-01
5.024525e-01
5.024136e-01
5.023733e-01
5.023316e-01
5.022884e-01
5.022439e-01
5.021981e-01
5.021509e-01
5.021024e-01
5.020526e-01
5.026671e-01
5.026663e-01
5.026639e-01
5.026599e-01
5.026543e-01
5.026471e-01
5.026383e-01
5.026279e-01
5.026159e-01
5.026023e-01
5.025872e-01
5.025705e-01
5.025523e-01
5.025325e-01
5.025112e-01
5.024884e-01
5.024641e-01
5.024383e-01
5.024111e-01
5.023823e-01
5.023522e-01
5.023206e-01
5.022877e-01
5.022533e-01
5.022176e-01
5.021806e-01
5.021423e-01
5.021026e-01
5.020617e-01
5.020196e-01
5.019762e-01
5.019317e-01
5.018859e-01
5.024298e-01
5.024291e-01
5.024269e-01
5.024232e-01
5.024181e-01
5.024115e-01
5.024035e-01
5.023940e-01
5.023831e-01
5.023708e-01
5.023570e-01
5.023418e-01
5.023252e-01
5.023072e-01
5.022878e-01
5.022670e-01
5.022448e-01
5.022213e-01
5.021965e-01
5.021704e-01
5.021429e-01
5.021141e-01
5.020841e-01
5.020528e-01
5.020203e-01
5.019866e-01
5.019516e-01
5.019155e-01
5.018783e-01
5.018399e-01
5.018004e-01
5.017598e-01
5.017181e-01
5.021910e-01
5.021904e-01
5.021884e-01
5.021851e-01
5.021805e-01
5.021745e-01
5.021673e-01
5.021588e-01
5.021489e-01
5.021378e-01
5.021254e-01
5.021116e-01
5.020967e-01
5.020804e-01
5.020629e-01
5.020442e-01
5.020242e-01
5.020030e-01
5.019807e-01
5.019571e-01
5.019323e-01
5.019064e-01
5.018793e-01
5.018511e-01
5.018218e-01
5.017913e-01
5.017598e-01
5.017273e-01
5.016937e-01
5.016591e-01
5.016234e-01
5.015868e-01
5.015493e-01
5.019509e-01
5.019503e-01
5.019486e-01
5.019456e-01
5.019415e-01
5.019362e-01
5.019298e-01
5.019222e-01
5.019134e-01
5.019035e-01
5.018924e-01
5.018802e-01
5.018669e-01
5.018524e-01
5.018369e-01
5.018202e-01
5.018024e-01
5.017835e-01
5.017636e-01
5.017426e-01
5.017205e-01
5.016975e-01
5.016733e-01
5.016482e-01
5.016221e-01
5.015950e-01
5.015670e-01
5.015380e-01
5.015081e-01
5.014772e-01
5.014455e-01
5.014129e-01
5.013795e-01
5.017096e-01
5.017091e-01
5.017076e-01
5.017050e-01
5.017014e-01
5.016968e-01
5.016911e-01
5.016844e-01
5.016768e-01
5.016681e-01
5.016584e-01
5.016477e-01
5.016360e-01
5.016233e-01
5.016097e-01
5.015951e-01
5.015795e-01
5.015630e-01
5.015455e-01
5.015271e-01
5.015077e-01
5.014875e-01
5.014664e-01
5.014444e-01
5.014215e-01
5.013978e-01
5.013732e-01
5.013478e-01
5.013216e-01
5.012945e-01
5.012667e-01
5.012382e-01
5.012089e-01
5.014673e-01
5.014669e-01
5.014655e-01
5.014633e-01
5.014602e-01
5.014563e-01
5.014514e-01
5.014457e-01
5.014391e-01
5.014317e-01
5.014233e-01
5.014142e-01
5.014041e-01
5.013932e-01
5.013815e-01
5.013690e-01
5.013556e-01
5.013414e-01
5.013264e-01
5.013106e-01
5.012940e-01
5.012767e-01
5.012585e-01
5.012397e-01
5.012200e-01
5.011996e-01
5.011786e-01
5.011567e-01
5.011342e-01
5.011111e-01
5.010872e-01
5.010627e-01
5.010375e-01
5.012241e-01
5.012237e-01
5.012226e-01
5.012208e-01
5.012182e-01
5.012149e-01
5.012109e-01
5.012061e-01
5.012006e-01
5.011944e-01
5.011874e-01
5.011798e-01
5.011714e-01
5.011623e-01
5.011526e-01
5.011421e-01
5.011309e-01
5.011191e-01
5.011066e-01
5.010934e-01
5.010796e-01
5.010651e-01
5.010500e-01
5.010342e-01
5.010178e-01
5.010008e-01
5.009832e-01
5.009650e-01
5.009462e-01
5.009269e-01
5.009070e-01
5.008866e-01
5.008656e-01
5.009802e-01
5.009799e-01
5.009790e-01
5.009775e-01
5.009755e-01
5.009728e-01
5.009696e-01
5.009657e-01
5.009613e-01
5.009564e-01
5.009508e-01
5.009447e-01
5.009380e-01
5.009307e-01
5.009229e-01
5.009145e-01
5.009056e-01
5.008961e-01
5.008861e-01
5.008755e-01
5.008644e-01
5.008528e-01
5.008407e-01
5.008281e-01
5.008150e-01
5.008014e-01
5.007873e-01
5.007727e-01
5.007577e-01
5.007422e-01
5.007263e-01
5.007099e-01
5.006931e-01
5.007356e-01
5.007354e-01
5.007348e-01
5.007337e-01
5.007321e-01
5.007301e-01
5.007277e-01
5.007248e-01
5.007215e-01
5.007178e-01
5.007136e-01
5.007090e-01
5.007040e-01
5.006985e-01
5.006926e-01
5.006864e-01
5.006796e-01
5.006725e-01
5.006650e-01
5.006571e-01
5.006488e-01
5.006401e-01
5.006310e-01
5.006215e-01
5.006117e-01
5.006015e-01
5.005909e-01
5.005799e-01
5.005687e-01
5.005570e-01
5.005451e-01
5.005328e-01
5.005202e-01
5.004907e-01
5.004905e-01
5.004901e-01
5.004893e-01
5.004883e-01
5.004870e-01
5.004854e-01
5.004835e-01
5.004812e-01
5.004788e-01
5.004760e-01
5.004729e-01
5.004695e-01
5.004659e-01
5.004620e-01
5.004578e-01
5.004533e-01
5.004486e-01
5.004436e-01
5.004383e-01
5.004327e-01
5.004269e-01
5.004209e-01
5.004145e-01
5.004080e-01
5.004012e-01
5.003941e-01
5.003868e-01
5.003793e-01
5.003715e-01
5.003636e-01
5.003554e-01
5.003470e-01
5.002454e-01
5.002453e-01
5.002451e-01
5.002447e-01
5.002442e-01
5.002436e-01
5.002428e-01
5.002418e-01
5.002407e-01
5.002394e-01
5.002381e-01
5.002365e-01
5.002348e-01
5.002330e-01
5.002311e-01
5.002290e-01
5.002267e-01
5.002244e-01
5.002219e-01
5.002192e-01
5.002164e-01
5.002135e-01
5.002105e-01
5.002073e-01
5.002041e-01
5.002006e-01
5.001971e-01
5.001935e-01
5.001897e-01
5.001858e-01
5.001818e-01
5.001777e-01
5.001735e-01
5.000000e-01
5.000000e-01
5.000000e-01
5.000000e-01
5.000000e-01
5.000000e-01
5.000000e-01
5.000000e-01
5.000000e-01
5.000000e-01
5.000000e-01
5.000000e-01
5.000000e-01
5.000000e-01
5.000000e-01
5.000000e-01
5.000000e-01
5.000000e-01
5.000000e-01
5.000000e-01
5.000000e-01
5.000000e-01
5.000000e-01
5.000000e-01
5.000000e-01
5.000000e-01
5.000000e-01
5.000000e-01
5.000000e-01
5.000000e-01
5.000000e-01
5.000000e-01
5.000000e-01
