+1.790909e+03 -1.060859e-08
+1.834317e+03 +7.297351e-09
+1.876621e+03 -2.786281e-09
+1.917797e+03 +1.059055e-08
+1.957820e+03 -7.122034e-09
+1.996666e+03 +7.314322e-09
+2.034312e+03 -5.510123e-09
+2.070735e+03 +6.946364e-09
+2.105912e+03 -4.189702e-10
+2.139822e+03 +3.797776e-09
+2.172444e+03 -3.690045e-09
+2.203756e+03 -3.473725e-09
+2.233740e+03 +9.805745e-11
+2.262376e+03 -1.453391e-09
+2.289647e+03 +1.423330e-09
+2.315535e+03 -2.413839e-09
+2.340026e+03 +1.778078e-09
+2.363105e+03 -1.516933e-09
+2.384758e+03 +2.248012e-09
+2.404973e+03 +1.268064e-09
+2.423738e+03 +4.467366e-09
+2.441043e+03 -2.402941e-10
+2.456877e+03 +1.731184e-09
+2.471232e+03 -1.859567e-09
+2.484100e+03 +5.298818e-09
+2.495472e+03 -2.552814e-09
+2.505342e+03 +3.961326e-09
+2.513704e+03 -7.040348e-10
+2.520553e+03 +9.814295e-10
+2.525884e+03 -8.179112e-10
+2.529694e+03 -6.826688e-09
+2.531982e+03 -2.147364e-09
+2.532744e+03 +0.000000e+00
+1.790372e+03 -4.395936e+01
+1.833768e+03 -4.286596e+01
+1.876060e+03 -4.174640e+01
+1.917224e+03 -4.060140e+01
+1.957236e+03 -3.943175e+01
+1.996071e+03 -3.823832e+01
+2.033705e+03 -3.702199e+01
+2.070116e+03 -3.578372e+01
+2.105281e+03 -3.452443e+01
+2.139178e+03 -3.324504e+01
+2.171788e+03 -3.194638e+01
+2.203088e+03 -3.062925e+01
+2.233060e+03 -2.929434e+01
+2.261685e+03 -2.794231e+01
+2.288945e+03 -2.657375e+01
+2.314825e+03 -2.518926e+01
+2.339309e+03 -2.378946e+01
+2.362381e+03 -2.237498e+01
+2.384030e+03 -2.094656e+01
+2.404241e+03 -1.950498e+01
+2.423004e+03 -1.805111e+01
+2.440307e+03 -1.658588e+01
+2.456140e+03 -1.511025e+01
+2.470495e+03 -1.362524e+01
+2.483362e+03 -1.213185e+01
+2.494734e+03 -1.063109e+01
+2.504603e+03 -9.123944e+00
+2.512965e+03 -7.611402e+00
+2.519814e+03 -6.094396e+00
+2.525145e+03 -4.573862e+00
+2.528955e+03 -3.050692e+00
+2.531242e+03 -1.525782e+00
+2.532005e+03 +0.000000e+00
+1.788763e+03 -8.789074e+01
+1.832121e+03 -8.570455e+01
+1.874377e+03 -8.346623e+01
+1.915506e+03 -8.117729e+01
+1.955482e+03 -7.883931e+01
+1.994282e+03 -7.645400e+01
+2.031881e+03 -7.402310e+01
+2.068256e+03 -7.154838e+01
+2.103385e+03 -6.903158e+01
+2.137246e+03 -6.647436e+01
+2.169819e+03 -6.387829e+01
+2.201084e+03 -6.124484e+01
+2.231023e+03 -5.857538e+01
+2.259617e+03 -5.587123e+01
+2.286849e+03 -5.313366e+01
+2.312703e+03 -5.036400e+01
+2.337165e+03 -4.756362e+01
+2.360220e+03 -4.473397e+01
+2.381853e+03 -4.187666e+01
+2.402052e+03 -3.899334e+01
+2.420805e+03 -3.608584e+01
+2.438100e+03 -3.315597e+01
+2.453927e+03 -3.020570e+01
+2.468276e+03 -2.723691e+01
+2.481138e+03 -2.425162e+01
+2.492505e+03 -2.125166e+01
+2.502371e+03 -1.823906e+01
+2.510729e+03 -1.521558e+01
+2.517574e+03 -1.218318e+01
+2.522902e+03 -9.143593e+00
+2.526710e+03 -6.098698e+00
+2.528996e+03 -3.050230e+00
+2.529758e+03 +0.000000e+00
+1.786081e+03 -1.317667e+02
+1.829376e+03 -1.284891e+02
+1.871571e+03 -1.251338e+02
+1.912639e+03 -1.217031e+02
+1.952556e+03 -1.181994e+02
+1.991295e+03 -1.146251e+02
+2.028834e+03 -1.109826e+02
+2.065150e+03 -1.072745e+02
+2.100220e+03 -1.035030e+02
+2.134024e+03 -9.967033e+01
+2.166540e+03 -9.577869e+01
+2.197752e+03 -9.183014e+01
+2.227639e+03 -8.782671e+01
+2.256186e+03 -8.377051e+01
+2.283375e+03 -7.966363e+01
+2.309190e+03 -7.550835e+01
+2.333617e+03 -7.130699e+01
+2.356640e+03 -6.706208e+01
+2.378246e+03 -6.277614e+01
+2.398420e+03 -5.845194e+01
+2.417150e+03 -5.409209e+01
+2.434425e+03 -4.969951e+01
+2.450233e+03 -4.527680e+01
+2.464564e+03 -4.082690e+01
+2.477410e+03 -3.635238e+01
+2.488762e+03 -3.185617e+01
+2.498614e+03 -2.734079e+01
+2.506959e+03 -2.280912e+01
+2.513794e+03 -1.826371e+01
+2.519113e+03 -1.370741e+01
+2.522915e+03 -9.142835e+00
+2.525197e+03 -4.572802e+00
+2.525958e+03 +0.000000e+00
+1.782327e+03 -1.755606e+02
+1.825533e+03 -1.711942e+02
+1.867640e+03 -1.667249e+02
+1.908621e+03 -1.621557e+02
+1.948451e+03 -1.574897e+02
+1.987106e+03 -1.527300e+02
+2.024561e+03 -1.478796e+02
+2.060795e+03 -1.429413e+02
+2.095786e+03 -1.379180e+02
+2.129513e+03 -1.328122e+02
+2.161957e+03 -1.276268e+02
+2.193099e+03 -1.223645e+02
+2.222922e+03 -1.170281e+02
+2.251408e+03 -1.116206e+02
+2.278541e+03 -1.061454e+02
+2.304304e+03 -1.006056e+02
+2.328682e+03 -9.500484e+01
+2.351658e+03 -8.934654e+01
+2.373220e+03 -8.363445e+01
+2.393353e+03 -7.787205e+01
+2.412044e+03 -7.206307e+01
+2.429282e+03 -6.621094e+01
+2.445055e+03 -6.031932e+01
+2.459354e+03 -5.439157e+01
+2.472170e+03 -4.843127e+01
+2.483496e+03 -4.244183e+01
+2.493325e+03 -3.642681e+01
+2.501651e+03 -3.038971e+01
+2.508469e+03 -2.433412e+01
+2.513777e+03 -1.826367e+01
+2.517570e+03 -1.218202e+01
+2.519847e+03 -6.092884e+00
+2.520606e+03 +0.000000e+00
+1.777500e+03 -2.192471e+02
+1.820589e+03 -2.137956e+02
+1.862581e+03 -2.082163e+02
+1.903448e+03 -2.025127e+02
+1.943166e+03 -1.966885e+02
+1.981712e+03 -1.907472e+02
+2.019061e+03 -1.846920e+02
+2.055193e+03 -1.785264e+02
+2.090086e+03 -1.722534e+02
+2.123720e+03 -1.658765e+02
+2.156077e+03 -1.593990e+02
+2.187137e+03 -1.528248e+02
+2.216882e+03 -1.461575e+02
+2.245294e+03 -1.394015e+02
+2.272356e+03 -1.325610e+02
+2.298052e+03 -1.256404e+02
+2.322363e+03 -1.186443e+02
+2.345277e+03 -1.115772e+02
+2.366777e+03 -1.044435e+02
+2.386851e+03 -9.724747e+01
+2.405486e+03 -8.999361e+01
+2.422671e+03 -8.268598e+01
+2.438395e+03 -7.532902e+01
+2.452651e+03 -6.792669e+01
+2.465429e+03 -6.048363e+01
+2.476722e+03 -5.300376e+01
+2.486523e+03 -4.549199e+01
+2.494827e+03 -3.795230e+01
+2.501628e+03 -3.038975e+01
+2.506922e+03 -2.280845e+01
+2.510707e+03 -1.521342e+01
+2.512978e+03 -7.608996e+00
+2.513736e+03 +0.000000e+00
+1.771601e+03 -2.628017e+02
+1.814545e+03 -2.562698e+02
+1.856393e+03 -2.495850e+02
+1.897120e+03 -2.427513e+02
+1.936702e+03 -2.357727e+02
+1.975116e+03 -2.286529e+02
+2.012339e+03 -2.213957e+02
+2.048351e+03 -2.140049e+02
+2.083130e+03 -2.064845e+02
+2.116656e+03 -1.988386e+02
+2.148909e+03 -1.910718e+02
+2.179871e+03 -1.831889e+02
+2.209522e+03 -1.751950e+02
+2.237843e+03 -1.670952e+02
+2.264817e+03 -1.588950e+02
+2.290426e+03 -1.505997e+02
+2.314654e+03 -1.422144e+02
+2.337487e+03 -1.337444e+02
+2.358909e+03 -1.251945e+02
+2.378910e+03 -1.165700e+02
+2.397477e+03 -1.078756e+02
+2.414599e+03 -9.911655e+01
+2.430268e+03 -9.029745e+01
+2.444473e+03 -8.142414e+01
+2.457207e+03 -7.250111e+01
+2.468463e+03 -6.353458e+01
+2.478232e+03 -5.452917e+01
+2.486509e+03 -4.549123e+01
+2.493289e+03 -3.642555e+01
+2.498567e+03 -2.733833e+01
+2.502339e+03 -1.823452e+01
+2.504604e+03 -9.120014e+00
+2.505359e+03 +0.000000e+00
+1.764628e+03 -3.062002e+02
+1.807399e+03 -2.985929e+02
+1.849079e+03 -2.908071e+02
+1.889642e+03 -2.828473e+02
+1.929066e+03 -2.747175e+02
+1.967328e+03 -2.664220e+02
+2.004407e+03 -2.579652e+02
+2.040280e+03 -2.493519e+02
+2.074927e+03 -2.405869e+02
+2.108326e+03 -2.316759e+02
+2.140458e+03 -2.226244e+02
+2.171302e+03 -2.134385e+02
+2.200838e+03 -2.041242e+02
+2.229048e+03 -1.946876e+02
+2.255913e+03 -1.851348e+02
+2.281417e+03 -1.754714e+02
+2.305545e+03 -1.657033e+02
+2.328282e+03 -1.558360e+02
+2.349616e+03 -1.458754e+02
+2.369535e+03 -1.358267e+02
+2.388027e+03 -1.256962e+02
+2.405081e+03 -1.154895e+02
+2.420688e+03 -1.052131e+02
+2.434838e+03 -9.487292e+01
+2.447522e+03 -8.447549e+01
+2.458732e+03 -7.402714e+01
+2.468462e+03 -6.353425e+01
+2.476704e+03 -5.300338e+01
+2.483454e+03 -4.244066e+01
+2.488708e+03 -3.185274e+01
+2.492463e+03 -2.124567e+01
+2.494716e+03 -1.062604e+01
+2.495468e+03 +0.000000e+00
+1.756585e+03 -3.494177e+02
+1.799157e+03 -3.407395e+02
+1.840645e+03 -3.318567e+02
+1.881022e+03 -3.227740e+02
+1.920268e+03 -3.134961e+02
+1.958359e+03 -3.040279e+02
+1.995274e+03 -2.943750e+02
+2.030989e+03 -2.845433e+02
+2.065483e+03 -2.745391e+02
+2.098735e+03 -2.643691e+02
+2.130722e+03 -2.540400e+02
+2.161425e+03 -2.435586e+02
+2.190825e+03 -2.329317e+02
+2.218901e+03 -2.221657e+02
+2.245639e+03 -2.112669e+02
+2.271023e+03 -2.002418e+02
+2.295037e+03 -1.890962e+02
+2.317669e+03 -1.778368e+02
+2.338906e+03 -1.664698e+02
+2.358735e+03 -1.550020e+02
+2.377144e+03 -1.434405e+02
+2.394123e+03 -1.317920e+02
+2.409660e+03 -1.200646e+02
+2.423746e+03 -1.082642e+02
+2.436372e+03 -9.639969e+01
+2.447530e+03 -8.447647e+01
+2.457212e+03 -7.250371e+01
+2.465414e+03 -6.048633e+01
+2.472130e+03 -4.843360e+01
+2.477357e+03 -3.635061e+01
+2.481093e+03 -2.424635e+01
+2.483335e+03 -1.212673e+01
+2.484082e+03 +0.000000e+00
+1.747476e+03 -3.924277e+02
+1.789827e+03 -3.826825e+02
+1.831100e+03 -3.727062e+02
+1.871272e+03 -3.625040e+02
+1.910319e+03 -3.520817e+02
+1.948219e+03 -3.414454e+02
+1.984947e+03 -3.306020e+02
+2.020482e+03 -3.195587e+02
+2.054800e+03 -3.083229e+02
+2.087879e+03 -2.969022e+02
+2.119698e+03 -2.853039e+02
+2.150238e+03 -2.735352e+02
+2.179479e+03 -2.616031e+02
+2.207406e+03 -2.495142e+02
+2.234002e+03 -2.372755e+02
+2.259253e+03 -2.248937e+02
+2.283143e+03 -2.123759e+02
+2.305660e+03 -1.997296e+02
+2.326789e+03 -1.869621e+02
+2.346518e+03 -1.740821e+02
+2.364833e+03 -1.610965e+02
+2.381724e+03 -1.480148e+02
+2.397180e+03 -1.348433e+02
+2.411191e+03 -1.215921e+02
+2.423749e+03 -1.082668e+02
+2.434847e+03 -9.487759e+01
+2.444479e+03 -8.143015e+01
+2.452639e+03 -6.793456e+01
+2.459322e+03 -5.439690e+01
+2.464525e+03 -4.082697e+01
+2.468243e+03 -2.723161e+01
+2.470476e+03 -1.362005e+01
+2.471220e+03 +0.000000e+00
+1.737312e+03 -4.352018e+02
+1.779419e+03 -4.243934e+02
+1.820456e+03 -4.133276e+02
+1.860400e+03 -4.020106e+02
+1.899227e+03 -3.904496e+02
+1.936911e+03 -3.786522e+02
+1.973429e+03 -3.666264e+02
+2.008757e+03 -3.543804e+02
+2.042874e+03 -3.419222e+02
+2.075756e+03 -3.292597e+02
+2.107385e+03 -3.164004e+02
+2.137742e+03 -3.033517e+02
+2.166811e+03 -2.901207e+02
+2.194574e+03 -2.767147e+02
+2.221016e+03 -2.631416e+02
+2.246122e+03 -2.494088e+02
+2.269876e+03 -2.355255e+02
+2.292265e+03 -2.214994e+02
+2.313273e+03 -2.073404e+02
+2.332887e+03 -1.930560e+02
+2.351095e+03 -1.786565e+02
+2.367885e+03 -1.641492e+02
+2.383249e+03 -1.495437e+02
+2.397176e+03 -1.348480e+02
+2.409660e+03 -1.200707e+02
+2.420693e+03 -1.052213e+02
+2.430270e+03 -9.030732e+01
+2.438384e+03 -7.533974e+01
+2.445030e+03 -6.032543e+01
+2.450205e+03 -4.527612e+01
+2.453904e+03 -3.019864e+01
+2.456124e+03 -1.510401e+01
+2.456865e+03 +0.000000e+00
+1.726104e+03 -4.777111e+02
+1.767945e+03 -4.658442e+02
+1.808723e+03 -4.536944e+02
+1.848415e+03 -4.412695e+02
+1.886994e+03 -4.285781e+02
+1.924437e+03 -4.156289e+02
+1.960718e+03 -4.024305e+02
+1.995815e+03 -3.889914e+02
+2.029706e+03 -3.753199e+02
+2.062371e+03 -3.614237e+02
+2.093793e+03 -3.473104e+02
+2.123953e+03 -3.329879e+02
+2.152834e+03 -3.184639e+02
+2.180420e+03 -3.037474e+02
+2.206695e+03 -2.888465e+02
+2.231641e+03 -2.737716e+02
+2.255244e+03 -2.585310e+02
+2.277488e+03 -2.431357e+02
+2.298359e+03 -2.275938e+02
+2.317844e+03 -2.119157e+02
+2.335933e+03 -1.961103e+02
+2.352614e+03 -1.801864e+02
+2.367878e+03 -1.641546e+02
+2.381718e+03 -1.480221e+02
+2.394124e+03 -1.318018e+02
+2.405089e+03 -1.154994e+02
+2.414605e+03 -9.912980e+01
+2.422667e+03 -8.269776e+01
+2.429270e+03 -6.621874e+01
+2.434408e+03 -4.969767e+01
+2.438080e+03 -3.314893e+01
+2.440284e+03 -1.657903e+01
+2.441019e+03 +0.000000e+00
+1.713863e+03 -5.199278e+02
+1.755412e+03 -5.070089e+02
+1.795905e+03 -4.937833e+02
+1.835318e+03 -4.802600e+02
+1.873623e+03 -4.664483e+02
+1.910796e+03 -4.523576e+02
+1.946815e+03 -4.379964e+02
+1.981658e+03 -4.233731e+02
+2.015305e+03 -4.084959e+02
+2.047736e+03 -3.933726e+02
+2.078935e+03 -3.780119e+02
+2.108884e+03 -3.624220e+02
+2.137563e+03 -3.466130e+02
+2.164957e+03 -3.305939e+02
+2.191047e+03 -3.143759e+02
+2.215817e+03 -2.979683e+02
+2.239250e+03 -2.813821e+02
+2.261334e+03 -2.646270e+02
+2.282054e+03 -2.477125e+02
+2.301400e+03 -2.306495e+02
+2.319360e+03 -2.134461e+02
+2.335925e+03 -1.961148e+02
+2.351084e+03 -1.786633e+02
+2.364829e+03 -1.611054e+02
+2.377150e+03 -1.434490e+02
+2.388039e+03 -1.257076e+02
+2.397489e+03 -1.078900e+02
+2.405494e+03 -9.000804e+01
+2.412049e+03 -7.207207e+01
+2.417151e+03 -5.409230e+01
+2.420796e+03 -3.608010e+01
+2.422985e+03 -1.804547e+01
+2.423714e+03 +0.000000e+00
+1.700595e+03 -5.618263e+02
+1.741825e+03 -5.478647e+02
+1.782006e+03 -5.335736e+02
+1.821110e+03 -5.189626e+02
+1.859114e+03 -5.040414e+02
+1.895995e+03 -4.888187e+02
+1.931730e+03 -4.733032e+02
+1.966299e+03 -4.575032e+02
+1.999685e+03 -4.414269e+02
+2.031867e+03 -4.250837e+02
+2.062828e+03 -4.084827e+02
+2.092548e+03 -3.916349e+02
+2.121008e+03 -3.745503e+02
+2.148190e+03 -3.572405e+02
+2.174076e+03 -3.397160e+02
+2.198652e+03 -3.219873e+02
+2.221902e+03 -3.040658e+02
+2.243814e+03 -2.859599e+02
+2.264375e+03 -2.676829e+02
+2.283573e+03 -2.492421e+02
+2.301397e+03 -2.306524e+02
+2.317836e+03 -2.119213e+02
+2.332880e+03 -1.930638e+02
+2.346517e+03 -1.740895e+02
+2.358741e+03 -1.550107e+02
+2.369543e+03 -1.358400e+02
+2.378918e+03 -1.165857e+02
+2.386860e+03 -9.726417e+01
+2.393366e+03 -7.788070e+01
+2.398431e+03 -5.845336e+01
+2.402052e+03 -3.898760e+01
+2.404225e+03 -1.950033e+01
+2.404950e+03 +0.000000e+00
+1.686305e+03 -6.033840e+02
+1.727188e+03 -5.883909e+02
+1.767027e+03 -5.730455e+02
+1.805797e+03 -5.573576e+02
+1.843476e+03 -5.413361e+02
+1.880042e+03 -5.249897e+02
+1.915475e+03 -5.083272e+02
+1.949755e+03 -4.913572e+02
+1.982863e+03 -4.740899e+02
+2.014778e+03 -4.565352e+02
+2.045481e+03 -4.387049e+02
+2.074952e+03 -4.206100e+02
+2.103172e+03 -4.022623e+02
+2.130124e+03 -3.836733e+02
+2.155791e+03 -3.648531e+02
+2.180158e+03 -3.458143e+02
+2.203214e+03 -3.265652e+02
+2.224944e+03 -3.071202e+02
+2.245336e+03 -2.874876e+02
+2.264376e+03 -2.676828e+02
+2.282054e+03 -2.477154e+02
+2.298356e+03 -2.275999e+02
+2.313272e+03 -2.073475e+02
+2.326795e+03 -1.869705e+02
+2.338913e+03 -1.664818e+02
+2.349623e+03 -1.458915e+02
+2.358918e+03 -1.252142e+02
+2.366793e+03 -1.044599e+02
+2.373243e+03 -8.364341e+01
+2.378265e+03 -6.277599e+01
+2.381855e+03 -4.187141e+01
+2.384010e+03 -2.094185e+01
+2.384729e+03 +0.000000e+00
+1.670996e+03 -6.445800e+02
+1.711503e+03 -6.285668e+02
+1.750974e+03 -6.121777e+02
+1.789387e+03 -5.954220e+02
+1.826721e+03 -5.783082e+02
+1.862954e+03 -5.608456e+02
+1.898067e+03 -5.430433e+02
+1.932040e+03 -5.249125e+02
+1.964850e+03 -5.064638e+02
+1.996477e+03 -4.877097e+02
+2.026902e+03 -4.686622e+02
+2.056103e+03 -4.493327e+02
+2.084065e+03 -4.297342e+02
+2.110770e+03 -4.098759e+02
+2.136204e+03 -3.897716e+02
+2.160354e+03 -3.694302e+02
+2.183203e+03 -3.488665e+02
+2.204739e+03 -3.280909e+02
+2.224947e+03 -3.071175e+02
+2.243815e+03 -2.859602e+02
+2.261331e+03 -2.646294e+02
+2.277482e+03 -2.431426e+02
+2.292262e+03 -2.215065e+02
+2.305661e+03 -1.997402e+02
+2.317672e+03 -1.778506e+02
+2.328288e+03 -1.558552e+02
+2.337502e+03 -1.337650e+02
+2.345307e+03 -1.115932e+02
+2.351699e+03 -8.935607e+01
+2.356674e+03 -6.706266e+01
+2.360228e+03 -4.473180e+01
+2.362361e+03 -2.237195e+01
+2.363072e+03 +0.000000e+00
+1.654674e+03 -6.853927e+02
+1.694779e+03 -6.683697e+02
+1.733860e+03 -6.509459e+02
+1.771896e+03 -6.331300e+02
+1.808865e+03 -6.149318e+02
+1.844748e+03 -5.963610e+02
+1.879521e+03 -5.774293e+02
+1.913164e+03 -5.581486e+02
+1.945655e+03 -5.385315e+02
+1.976972e+03 -5.185911e+02
+2.007097e+03 -4.983385e+02
+2.036011e+03 -4.777873e+02
+2.063700e+03 -4.569467e+02
+2.090146e+03 -4.358316e+02
+2.115335e+03 -4.144512e+02
+2.139252e+03 -3.928212e+02
+2.161882e+03 -3.709538e+02
+2.183209e+03 -3.488626e+02
+2.203219e+03 -3.265635e+02
+2.221901e+03 -3.040658e+02
+2.239241e+03 -2.813888e+02
+2.255234e+03 -2.585383e+02
+2.269867e+03 -2.355357e+02
+2.283135e+03 -2.123866e+02
+2.295029e+03 -1.891127e+02
+2.305541e+03 -1.657220e+02
+2.314665e+03 -1.422340e+02
+2.322394e+03 -1.186591e+02
+2.328724e+03 -9.501428e+01
+2.333650e+03 -7.131112e+01
+2.337170e+03 -4.756535e+01
+2.339283e+03 -2.378990e+01
+2.339987e+03 +0.000000e+00
+1.637346e+03 -7.257981e+02
+1.677028e+03 -7.077741e+02
+1.715699e+03 -6.893233e+02
+1.753338e+03 -6.704557e+02
+1.789925e+03 -6.511818e+02
+1.825435e+03 -6.315141e+02
+1.859846e+03 -6.114653e+02
+1.893137e+03 -5.910482e+02
+1.925285e+03 -5.702766e+02
+1.956273e+03 -5.491615e+02
+1.986081e+03 -5.277169e+02
+2.014694e+03 -5.059525e+02
+2.042095e+03 -4.838831e+02
+2.068268e+03 -4.615204e+02
+2.093197e+03 -4.388787e+02
+2.116864e+03 -4.159736e+02
+2.139256e+03 -3.928167e+02
+2.160357e+03 -3.694267e+02
+2.180157e+03 -3.458122e+02
+2.198642e+03 -3.219919e+02
+2.215804e+03 -2.979758e+02
+2.231632e+03 -2.737797e+02
+2.246116e+03 -2.494192e+02
+2.259248e+03 -2.249060e+02
+2.271018e+03 -2.002598e+02
+2.281419e+03 -1.754909e+02
+2.290445e+03 -1.506181e+02
+2.298092e+03 -1.256545e+02
+2.304355e+03 -1.006141e+02
+2.309232e+03 -7.551504e+01
+2.312719e+03 -5.036769e+01
+2.314813e+03 -2.519216e+01
+2.315511e+03 +0.000000e+00
+1.619029e+03 -7.657697e+02
+1.658267e+03 -7.467525e+02
+1.696508e+03 -7.272835e+02
+1.733730e+03 -7.073740e+02
+1.769910e+03 -6.870368e+02
+1.805024e+03 -6.662856e+02
+1.839050e+03 -6.451333e+02
+1.871966e+03 -6.235943e+02
+1.903753e+03 -6.016792e+02
+1.934394e+03 -5.794027e+02
+1.963871e+03 -5.567749e+02
+1.992167e+03 -5.338109e+02
+2.019266e+03 -5.105242e+02
+2.045149e+03 -4.869286e+02
+2.069798e+03 -4.630424e+02
+2.093200e+03 -4.388751e+02
+2.115337e+03 -4.144482e+02
+2.136201e+03 -3.897680e+02
+2.155777e+03 -3.648559e+02
+2.174056e+03 -3.397210e+02
+2.191028e+03 -3.143812e+02
+2.206682e+03 -2.888529e+02
+2.221008e+03 -2.631477e+02
+2.233995e+03 -2.372892e+02
+2.245638e+03 -2.112823e+02
+2.255926e+03 -1.851549e+02
+2.264856e+03 -1.589089e+02
+2.272422e+03 -1.325730e+02
+2.278619e+03 -1.061513e+02
+2.283444e+03 -7.967034e+01
+2.286893e+03 -5.313846e+01
+2.288964e+03 -2.657757e+01
+2.289654e+03 +0.000000e+00
+1.599737e+03 -8.052793e+02
+1.638510e+03 -7.852785e+02
+1.676300e+03 -7.648021e+02
+1.713081e+03 -7.438637e+02
+1.748830e+03 -7.224775e+02
+1.783525e+03 -7.006566e+02
+1.817143e+03 -6.784155e+02
+1.849666e+03 -6.557652e+02
+1.881075e+03 -6.327201e+02
+1.911354e+03 -6.092917e+02
+1.940483e+03 -5.854948e+02
+1.968445e+03 -5.613450e+02
+1.995222e+03 -5.368556e+02
+2.020794e+03 -5.120460e+02
+2.045149e+03 -4.869268e+02
+2.068269e+03 -4.615171e+02
+2.090144e+03 -4.358281e+02
+2.110761e+03 -4.098757e+02
+2.130108e+03 -3.836766e+02
+2.148175e+03 -3.572432e+02
+2.164945e+03 -3.305971e+02
+2.180413e+03 -3.037495e+02
+2.194564e+03 -2.767212e+02
+2.207395e+03 -2.495256e+02
+2.218896e+03 -2.221800e+02
+2.229063e+03 -1.947005e+02
+2.237888e+03 -1.671041e+02
+2.245365e+03 -1.394056e+02
+2.251489e+03 -1.116263e+02
+2.256254e+03 -8.377626e+01
+2.259659e+03 -5.588035e+01
+2.261701e+03 -2.794750e+01
+2.262382e+03 +0.000000e+00
+1.579486e+03 -8.443009e+02
+1.617772e+03 -8.233280e+02
+1.655085e+03 -8.018580e+02
+1.691400e+03 -7.799057e+02
+1.726695e+03 -7.574842e+02
+1.760948e+03 -7.346084e+02
+1.794141e+03 -7.112890e+02
+1.826254e+03 -6.875408e+02
+1.857269e+03 -6.633764e+02
+1.887168e+03 -6.388104e+02
+1.915930e+03 -6.138607e+02
+1.943539e+03 -5.885394e+02
+1.969973e+03 -5.628680e+02
+1.995219e+03 -5.368554e+02
+2.019262e+03 -5.105220e+02
+2.042090e+03 -4.838797e+02
+2.063691e+03 -4.569430e+02
+2.084050e+03 -4.297340e+02
+2.103157e+03 -4.022596e+02
+2.120996e+03 -3.745507e+02
+2.137559e+03 -3.466092e+02
+2.152831e+03 -3.184663e+02
+2.166806e+03 -2.901267e+02
+2.179475e+03 -2.616144e+02
+2.190830e+03 -2.329444e+02
+2.200865e+03 -2.041313e+02
+2.209572e+03 -1.752003e+02
+2.216948e+03 -1.461589e+02
+2.222987e+03 -1.170360e+02
+2.227687e+03 -8.783745e+01
+2.231044e+03 -5.858989e+01
+2.233060e+03 -2.930326e+01
+2.233731e+03 +0.000000e+00
+1.558287e+03 -8.828107e+02
+1.596061e+03 -8.608800e+02
+1.632873e+03 -8.384319e+02
+1.668699e+03 -8.154794e+02
+1.703518e+03 -7.920373e+02
+1.737312e+03 -7.681169e+02
+1.770061e+03 -7.437328e+02
+1.801746e+03 -7.188988e+02
+1.832349e+03 -6.936298e+02
+1.861846e+03 -6.679445e+02
+1.890222e+03 -6.418558e+02
+1.917456e+03 -6.153842e+02
+1.943535e+03 -5.885410e+02
+1.968442e+03 -5.613438e+02
+1.992166e+03 -5.338078e+02
+2.014692e+03 -5.059470e+02
+2.036004e+03 -4.777830e+02
+2.056092e+03 -4.493283e+02
+2.074938e+03 -4.206057e+02
+2.092534e+03 -3.916293e+02
+2.108869e+03 -3.624178e+02
+2.123933e+03 -3.329889e+02
+2.137719e+03 -3.033584e+02
+2.150216e+03 -2.735465e+02
+2.161418e+03 -2.435689e+02
+2.171314e+03 -2.134466e+02
+2.179900e+03 -1.831933e+02
+2.187172e+03 -1.528338e+02
+2.193127e+03 -1.223758e+02
+2.197763e+03 -9.185041e+01
+2.201077e+03 -6.126191e+01
+2.203068e+03 -3.064196e+01
+2.203731e+03 +0.000000e+00
+1.536152e+03 -9.207875e+02
+1.573388e+03 -8.979149e+02
+1.609675e+03 -8.745021e+02
+1.644990e+03 -8.505640e+02
+1.679316e+03 -8.261120e+02
+1.712633e+03 -8.011607e+02
+1.744920e+03 -7.757255e+02
+1.776158e+03 -7.498206e+02
+1.806324e+03 -7.234669e+02
+1.835402e+03 -6.966762e+02
+1.863370e+03 -6.694693e+02
+1.890216e+03 -6.418588e+02
+1.915924e+03 -6.138594e+02
+1.940480e+03 -5.854924e+02
+1.963871e+03 -5.567655e+02
+1.986080e+03 -5.277096e+02
+2.007093e+03 -4.983300e+02
+2.026895e+03 -4.686559e+02
+2.045473e+03 -4.386994e+02
+2.062818e+03 -4.084759e+02
+2.078917e+03 -3.780132e+02
+2.093764e+03 -3.473127e+02
+2.107347e+03 -3.164144e+02
+2.119660e+03 -2.853150e+02
+2.130695e+03 -2.540538e+02
+2.140448e+03 -2.226329e+02
+2.148912e+03 -1.910814e+02
+2.156085e+03 -1.594117e+02
+2.161960e+03 -1.276449e+02
+2.166534e+03 -9.580107e+01
+2.169805e+03 -6.389860e+01
+2.171768e+03 -3.195891e+01
+2.172424e+03 +0.000000e+00
+1.513090e+03 -9.582115e+02
+1.549765e+03 -9.344103e+02
+1.585506e+03 -9.100474e+02
+1.620293e+03 -8.851346e+02
+1.654107e+03 -8.596865e+02
+1.686926e+03 -8.337194e+02
+1.718730e+03 -8.072480e+02
+1.749497e+03 -7.802934e+02
+1.779209e+03 -7.528683e+02
+1.807847e+03 -7.249926e+02
+1.835396e+03 -6.966795e+02
+1.861842e+03 -6.679448e+02
+1.887167e+03 -6.388078e+02
+1.911359e+03 -6.092819e+02
+1.934396e+03 -5.793919e+02
+1.956269e+03 -5.491513e+02
+1.976960e+03 -5.185829e+02
+1.996458e+03 -4.877027e+02
+2.014756e+03 -4.565287e+02
+2.031837e+03 -4.250811e+02
+2.047698e+03 -3.933760e+02
+2.062322e+03 -3.614356e+02
+2.075704e+03 -3.292761e+02
+2.087835e+03 -2.969191e+02
+2.098708e+03 -2.643818e+02
+2.108322e+03 -2.316835e+02
+2.116668e+03 -1.988472e+02
+2.123744e+03 -1.658853e+02
+2.129540e+03 -1.328317e+02
+2.134053e+03 -9.968844e+01
+2.137277e+03 -6.649618e+01
+2.139212e+03 -3.325555e+01
+2.139857e+03 +0.000000e+00
+1.489115e+03 -9.950597e+02
+1.525208e+03 -9.703443e+02
+1.560385e+03 -9.450426e+02
+1.594624e+03 -9.191690e+02
+1.627904e+03 -8.927411e+02
+1.660205e+03 -8.657734e+02
+1.691503e+03 -8.382877e+02
+1.721780e+03 -8.102972e+02
+1.751018e+03 -7.818198e+02
+1.779202e+03 -7.528725e+02
+1.806318e+03 -7.234661e+02
+1.832347e+03 -6.936274e+02
+1.857276e+03 -6.633647e+02
+1.881084e+03 -6.327067e+02
+1.903758e+03 -6.016691e+02
+1.925282e+03 -5.702665e+02
+1.945641e+03 -5.385297e+02
+1.964829e+03 -5.064570e+02
+1.982830e+03 -4.740907e+02
+1.999638e+03 -4.414286e+02
+2.015241e+03 -4.085065e+02
+2.029632e+03 -3.753376e+02
+2.042804e+03 -3.419379e+02
+2.054747e+03 -3.083387e+02
+2.065458e+03 -2.745423e+02
+2.074925e+03 -2.405896e+02
+2.083146e+03 -2.064825e+02
+2.090108e+03 -1.722600e+02
+2.095812e+03 -1.379289e+02
+2.100251e+03 -1.035212e+02
+2.103422e+03 -6.904758e+01
+2.105328e+03 -3.453507e+01
+2.105961e+03 +0.000000e+00
+1.464242e+03 -1.031309e+03
+1.499735e+03 -1.005692e+03
+1.534327e+03 -9.794652e+02
+1.567996e+03 -9.526482e+02
+1.600722e+03 -9.252558e+02
+1.632480e+03 -8.973099e+02
+1.663254e+03 -8.688234e+02
+1.693024e+03 -8.398152e+02
+1.721775e+03 -8.103005e+02
+1.749494e+03 -7.802935e+02
+1.776157e+03 -7.498182e+02
+1.801754e+03 -7.188867e+02
+1.826262e+03 -6.875270e+02
+1.849666e+03 -6.557526e+02
+1.871956e+03 -6.235856e+02
+1.893115e+03 -5.910448e+02
+1.913138e+03 -5.581456e+02
+1.932007e+03 -5.249127e+02
+1.949714e+03 -4.913604e+02
+1.966248e+03 -4.575135e+02
+1.981595e+03 -4.233893e+02
+1.995754e+03 -3.890078e+02
+2.008710e+03 -3.543928e+02
+2.020463e+03 -3.195600e+02
+2.030997e+03 -2.845386e+02
+2.040306e+03 -2.493442e+02
+2.048382e+03 -2.140012e+02
+2.055218e+03 -1.785343e+02
+2.060815e+03 -1.429520e+02
+2.065170e+03 -1.072953e+02
+2.068283e+03 -7.156093e+01
+2.070151e+03 -3.579443e+01
+2.070775e+03 +0.000000e+00
+1.438491e+03 -1.066936e+03
+1.473363e+03 -1.040430e+03
+1.507348e+03 -1.013297e+03
+1.540426e+03 -9.855522e+02
+1.572572e+03 -9.572174e+02
+1.603770e+03 -9.283074e+02
+1.634001e+03 -8.988372e+02
+1.663248e+03 -8.688270e+02
+1.691498e+03 -8.382870e+02
+1.718730e+03 -8.072445e+02
+1.744929e+03 -7.757142e+02
+1.770074e+03 -7.437167e+02
+1.794148e+03 -7.112796e+02
+1.817140e+03 -6.784061e+02
+1.839032e+03 -6.451345e+02
+1.859819e+03 -6.114647e+02
+1.879484e+03 -5.774295e+02
+1.898020e+03 -5.430482e+02
+1.915416e+03 -5.083305e+02
+1.931660e+03 -4.733189e+02
+1.946748e+03 -4.380057e+02
+1.960663e+03 -4.024412e+02
+1.973400e+03 -3.666235e+02
+1.984945e+03 -3.305921e+02
+1.995291e+03 -2.943618e+02
+2.004432e+03 -2.579552e+02
+2.012360e+03 -2.213979e+02
+2.019077e+03 -1.847024e+02
+2.024575e+03 -1.478998e+02
+2.028856e+03 -1.110010e+02
+2.031915e+03 -7.403999e+01
+2.033749e+03 -3.702987e+01
+2.034363e+03 +0.000000e+00
+1.411876e+03 -1.101916e+03
+1.446103e+03 -1.074540e+03
+1.479461e+03 -1.046517e+03
+1.511923e+03 -1.017867e+03
+1.543473e+03 -9.886040e+02
+1.574093e+03 -9.587457e+02
+1.603766e+03 -9.283099e+02
+1.632479e+03 -8.973089e+02
+1.660206e+03 -8.657706e+02
+1.686933e+03 -8.337072e+02
+1.712642e+03 -8.011467e+02
+1.737312e+03 -7.681055e+02
+1.760940e+03 -7.346008e+02
+1.783504e+03 -7.006578e+02
+1.804998e+03 -6.662863e+02
+1.825407e+03 -6.315177e+02
+1.844716e+03 -5.963634e+02
+1.862918e+03 -5.608506e+02
+1.879994e+03 -5.249980e+02
+1.895945e+03 -4.888271e+02
+1.910752e+03 -4.523619e+02
+1.924407e+03 -4.156265e+02
+1.936900e+03 -3.786391e+02
+1.948219e+03 -3.414332e+02
+1.958363e+03 -3.040130e+02
+1.967324e+03 -2.664206e+02
+1.975105e+03 -2.286576e+02
+1.981700e+03 -1.907605e+02
+1.987104e+03 -1.527492e+02
+1.991314e+03 -1.146386e+02
+1.994322e+03 -7.646912e+01
+1.996129e+03 -3.824307e+01
+1.996730e+03 +0.000000e+00
+1.384412e+03 -1.136232e+03
+1.417974e+03 -1.108003e+03
+1.450678e+03 -1.079111e+03
+1.482507e+03 -1.049570e+03
+1.513443e+03 -1.019395e+03
+1.543469e+03 -9.886061e+02
+1.572570e+03 -9.572165e+02
+1.600724e+03 -9.252511e+02
+1.627913e+03 -8.927313e+02
+1.654119e+03 -8.596714e+02
+1.679322e+03 -8.261039e+02
+1.703515e+03 -7.920315e+02
+1.726677e+03 -7.574860e+02
+1.748802e+03 -7.224830e+02
+1.769877e+03 -6.870356e+02
+1.789887e+03 -6.511866e+02
+1.808826e+03 -6.149281e+02
+1.826677e+03 -5.783130e+02
+1.843432e+03 -5.413388e+02
+1.859074e+03 -5.040423e+02
+1.873592e+03 -4.664473e+02
+1.886979e+03 -4.285659e+02
+1.899220e+03 -3.904395e+02
+1.910319e+03 -3.520677e+02
+1.920265e+03 -3.134922e+02
+1.929059e+03 -2.747179e+02
+1.936695e+03 -2.357811e+02
+1.943163e+03 -1.966992e+02
+1.948466e+03 -1.574991e+02
+1.952592e+03 -1.182081e+02
+1.955544e+03 -7.884284e+01
+1.957317e+03 -3.943451e+01
+1.957907e+03 +0.000000e+00
+1.356114e+03 -1.169862e+03
+1.388986e+03 -1.140803e+03
+1.421020e+03 -1.111056e+03
+1.452200e+03 -1.080639e+03
+1.482505e+03 -1.049571e+03
+1.511923e+03 -1.017864e+03
+1.540428e+03 -9.855488e+02
+1.568003e+03 -9.526375e+02
+1.594631e+03 -9.191563e+02
+1.620292e+03 -8.851264e+02
+1.644983e+03 -8.505578e+02
+1.668681e+03 -8.154837e+02
+1.691379e+03 -7.799085e+02
+1.713063e+03 -7.438677e+02
+1.733711e+03 -7.073741e+02
+1.753321e+03 -6.704527e+02
+1.771871e+03 -6.331284e+02
+1.789356e+03 -5.954206e+02
+1.805762e+03 -5.573564e+02
+1.821072e+03 -5.189616e+02
+1.835284e+03 -4.802533e+02
+1.848385e+03 -4.412607e+02
+1.860376e+03 -4.020006e+02
+1.871250e+03 -3.624914e+02
+1.881002e+03 -3.227728e+02
+1.889626e+03 -2.828426e+02
+1.897109e+03 -2.427602e+02
+1.903448e+03 -2.025167e+02
+1.908635e+03 -1.621611e+02
+1.912671e+03 -1.217063e+02
+1.915555e+03 -8.117491e+01
+1.917285e+03 -4.060161e+01
+1.917863e+03 +0.000000e+00
+1.326995e+03 -1.202793e+03
+1.359160e+03 -1.172916e+03
+1.390507e+03 -1.142331e+03
+1.421018e+03 -1.111057e+03
+1.450678e+03 -1.079109e+03
+1.479463e+03 -1.046511e+03
+1.507356e+03 -1.013288e+03
+1.534338e+03 -9.794531e+02
+1.560389e+03 -9.450358e+02
+1.585502e+03 -9.100458e+02
+1.609659e+03 -8.745033e+02
+1.632849e+03 -8.384399e+02
+1.655060e+03 -8.018557e+02
+1.676276e+03 -7.648021e+02
+1.696490e+03 -7.272754e+02
+1.715681e+03 -6.893149e+02
+1.733838e+03 -6.509444e+02
+1.750949e+03 -6.121722e+02
+1.766994e+03 -5.730506e+02
+1.781975e+03 -5.335697e+02
+1.795878e+03 -4.937814e+02
+1.808703e+03 -4.536843e+02
+1.820446e+03 -4.133152e+02
+1.831092e+03 -3.726942e+02
+1.840641e+03 -3.318460e+02
+1.849076e+03 -2.908038e+02
+1.856397e+03 -2.495843e+02
+1.862599e+03 -2.082192e+02
+1.867672e+03 -1.667279e+02
+1.871623e+03 -1.251335e+02
+1.874442e+03 -8.346672e+01
+1.876133e+03 -4.174457e+01
+1.876698e+03 +0.000000e+00
+1.297076e+03 -1.235001e+03
+1.328518e+03 -1.204321e+03
+1.359159e+03 -1.172918e+03
+1.388988e+03 -1.140800e+03
+1.417978e+03 -1.107999e+03
+1.446109e+03 -1.074532e+03
+1.473369e+03 -1.040419e+03
+1.499734e+03 -1.005687e+03
+1.525201e+03 -9.703397e+02
+1.549752e+03 -9.344158e+02
+1.573372e+03 -8.979186e+02
+1.596052e+03 -8.608813e+02
+1.617765e+03 -8.233258e+02
+1.638508e+03 -7.852675e+02
+1.658262e+03 -7.467430e+02
+1.677011e+03 -7.077653e+02
+1.694751e+03 -6.683677e+02
+1.711460e+03 -6.285697e+02
+1.727140e+03 -5.883970e+02
+1.741781e+03 -5.478623e+02
+1.755375e+03 -5.070057e+02
+1.767922e+03 -4.658244e+02
+1.779403e+03 -4.243786e+02
+1.789814e+03 -3.826647e+02
+1.799140e+03 -3.407283e+02
+1.807378e+03 -2.985913e+02
+1.814527e+03 -2.562651e+02
+1.820583e+03 -2.137972e+02
+1.825547e+03 -1.711906e+02
+1.829411e+03 -1.284848e+02
+1.832176e+03 -8.570261e+01
+1.833836e+03 -4.286278e+01
+1.834388e+03 +0.000000e+00
+1.266377e+03 -1.266462e+03
+1.297074e+03 -1.235001e+03
+1.326996e+03 -1.202791e+03
+1.356118e+03 -1.169857e+03
+1.384419e+03 -1.136224e+03
+1.411886e+03 -1.101907e+03
+1.438494e+03 -1.066930e+03
+1.464240e+03 -1.031311e+03
+1.489103e+03 -9.950607e+02
+1.513072e+03 -9.582188e+02
+1.536137e+03 -9.207850e+02
+1.558275e+03 -8.828042e+02
+1.579482e+03 -8.442906e+02
+1.599737e+03 -8.052611e+02
+1.619022e+03 -7.657655e+02
+1.637330e+03 -7.257920e+02
+1.654641e+03 -6.854028e+02
+1.670957e+03 -6.445880e+02
+1.686270e+03 -6.033885e+02
+1.700570e+03 -5.618223e+02
+1.713855e+03 -5.199093e+02
+1.726103e+03 -4.776906e+02
+1.737310e+03 -4.351794e+02
+1.747467e+03 -3.924145e+02
+1.756563e+03 -3.494132e+02
+1.764605e+03 -3.061995e+02
+1.771579e+03 -2.628037e+02
+1.777489e+03 -2.192428e+02
+1.782332e+03 -1.755527e+02
+1.786101e+03 -1.317566e+02
+1.788801e+03 -8.787961e+01
+1.790422e+03 -4.395418e+01
+1.790962e+03 +0.000000e+00
