-7.636265e-11 -1.283605e-08
+6.216247e+01 +1.190214e-08
+1.242875e+02 -1.535152e-08
+1.863376e+02 +1.196895e-08
+2.482755e+02 -1.632328e-08
+3.100638e+02 +2.039116e-08
+3.716652e+02 -2.016676e-08
+4.330427e+02 +2.101687e-08
+4.941592e+02 -2.744422e-08
+5.549778e+02 +1.560458e-08
+6.154619e+02 -2.475034e-08
+6.755749e+02 +1.979471e-08
+7.352806e+02 -1.723509e-08
+7.945428e+02 +1.410370e-08
+8.533257e+02 -1.890914e-08
+9.115939e+02 +1.460240e-08
+9.693121e+02 -1.982613e-08
+1.026445e+03 +1.493538e-08
+1.082959e+03 -2.050354e-08
+1.138820e+03 +1.714884e-08
+1.193994e+03 -1.841080e-08
+1.248447e+03 +2.075345e-08
+1.302148e+03 -1.849375e-08
+1.355063e+03 +1.888899e-08
+1.407162e+03 -1.243777e-08
+1.458412e+03 +1.972548e-08
+1.508784e+03 -1.477224e-08
+1.558247e+03 +1.960644e-08
+1.606771e+03 -1.387281e-08
+1.654327e+03 +1.009532e-08
+1.700888e+03 -1.876756e-08
+1.746424e+03 +5.557481e-09
+1.790909e+03 -1.060859e-08
-1.509524e-10 -6.215549e+01
+6.214374e+01 -6.213677e+01
+1.242500e+02 -6.208063e+01
+1.862815e+02 -6.198711e+01
+2.482007e+02 -6.185626e+01
+3.099703e+02 -6.168817e+01
+3.715532e+02 -6.148294e+01
+4.329122e+02 -6.124072e+01
+4.940102e+02 -6.096166e+01
+5.548105e+02 -6.064593e+01
+6.152763e+02 -6.029375e+01
+6.753712e+02 -5.990535e+01
+7.350588e+02 -5.948096e+01
+7.943030e+02 -5.902085e+01
+8.530681e+02 -5.852531e+01
+9.113186e+02 -5.799462e+01
+9.690193e+02 -5.742909e+01
+1.026135e+03 -5.682904e+01
+1.082632e+03 -5.619479e+01
+1.138476e+03 -5.552669e+01
+1.193633e+03 -5.482511e+01
+1.248070e+03 -5.409041e+01
+1.301755e+03 -5.332303e+01
+1.354654e+03 -5.252338e+01
+1.406738e+03 -5.169196e+01
+1.457973e+03 -5.082925e+01
+1.508330e+03 -4.993578e+01
+1.557778e+03 -4.901208e+01
+1.606288e+03 -4.805869e+01
+1.653830e+03 -4.707616e+01
+1.700377e+03 -4.606505e+01
+1.745900e+03 -4.502593e+01
+1.790372e+03 -4.395936e+01
-1.143449e-10 -1.242735e+02
+6.208758e+01 -1.242361e+02
+1.241377e+02 -1.241239e+02
+1.861131e+02 -1.239369e+02
+2.479763e+02 -1.236753e+02
+3.096901e+02 -1.233392e+02
+3.712173e+02 -1.229289e+02
+4.325207e+02 -1.224446e+02
+4.935635e+02 -1.218867e+02
+5.543087e+02 -1.212554e+02
+6.147197e+02 -1.205513e+02
+6.747600e+02 -1.197748e+02
+7.343934e+02 -1.189263e+02
+7.935838e+02 -1.180064e+02
+8.522955e+02 -1.170156e+02
+9.104931e+02 -1.159545e+02
+9.681414e+02 -1.148238e+02
+1.025206e+03 -1.136240e+02
+1.081651e+03 -1.123558e+02
+1.137445e+03 -1.110199e+02
+1.192552e+03 -1.096171e+02
+1.246940e+03 -1.081481e+02
+1.300576e+03 -1.066137e+02
+1.353429e+03 -1.050149e+02
+1.405465e+03 -1.033525e+02
+1.456655e+03 -1.016275e+02
+1.506966e+03 -9.984104e+01
+1.556371e+03 -9.799409e+01
+1.604838e+03 -9.608774e+01
+1.652338e+03 -9.412309e+01
+1.698844e+03 -9.210126e+01
+1.744328e+03 -9.002340e+01
+1.788763e+03 -8.789074e+01
-2.158968e-10 -1.863167e+02
+6.199400e+01 -1.862606e+02
+1.239506e+02 -1.860924e+02
+1.858326e+02 -1.858120e+02
+2.476026e+02 -1.854198e+02
+3.092233e+02 -1.849160e+02
+3.706576e+02 -1.843009e+02
+4.318686e+02 -1.835749e+02
+4.928191e+02 -1.827384e+02
+5.534725e+02 -1.817921e+02
+6.137922e+02 -1.807365e+02
+6.737417e+02 -1.795724e+02
+7.332848e+02 -1.783003e+02
+7.923856e+02 -1.769211e+02
+8.510084e+02 -1.754357e+02
+9.091179e+02 -1.738449e+02
+9.666789e+02 -1.721495e+02
+1.023657e+03 -1.703507e+02
+1.080017e+03 -1.684492e+02
+1.135727e+03 -1.664462e+02
+1.190751e+03 -1.643429e+02
+1.245057e+03 -1.621403e+02
+1.298613e+03 -1.598397e+02
+1.351387e+03 -1.574425e+02
+1.403345e+03 -1.549501e+02
+1.454459e+03 -1.523638e+02
+1.504696e+03 -1.496852e+02
+1.554027e+03 -1.469159e+02
+1.602423e+03 -1.440575e+02
+1.649854e+03 -1.411115e+02
+1.696292e+03 -1.380799e+02
+1.741710e+03 -1.349643e+02
+1.786081e+03 -1.317667e+02
-8.764232e-11 -2.482478e+02
+6.186307e+01 -2.481730e+02
+1.236889e+02 -2.479488e+02
+1.854401e+02 -2.475753e+02
+2.470796e+02 -2.470528e+02
+3.085701e+02 -2.463815e+02
+3.698746e+02 -2.455620e+02
+4.309560e+02 -2.445948e+02
+4.917776e+02 -2.434804e+02
+5.523026e+02 -2.422196e+02
+6.124945e+02 -2.408133e+02
+6.723169e+02 -2.392622e+02
+7.317338e+02 -2.375674e+02
+7.907092e+02 -2.357299e+02
+8.492076e+02 -2.337507e+02
+9.071939e+02 -2.316310e+02
+9.646329e+02 -2.293720e+02
+1.021490e+03 -2.269750e+02
+1.077732e+03 -2.244412e+02
+1.133323e+03 -2.217722e+02
+1.188232e+03 -2.189694e+02
+1.242424e+03 -2.160344e+02
+1.295867e+03 -2.129688e+02
+1.348530e+03 -2.097745e+02
+1.400380e+03 -2.064533e+02
+1.451387e+03 -2.030070e+02
+1.501520e+03 -1.994376e+02
+1.550749e+03 -1.957473e+02
+1.599045e+03 -1.919381e+02
+1.646379e+03 -1.880124e+02
+1.692722e+03 -1.839725e+02
+1.738047e+03 -1.798209e+02
+1.782327e+03 -1.755606e+02
-1.241451e-10 -3.100293e+02
+6.169486e+01 -3.099359e+02
+1.233525e+02 -3.096560e+02
+1.849358e+02 -3.091896e+02
+2.464076e+02 -3.085370e+02
+3.077308e+02 -3.076988e+02
+3.688684e+02 -3.066755e+02
+4.297836e+02 -3.054676e+02
+4.904395e+02 -3.040760e+02
+5.507995e+02 -3.025017e+02
+6.108273e+02 -3.007455e+02
+6.704865e+02 -2.988086e+02
+7.297412e+02 -2.966921e+02
+7.885556e+02 -2.943973e+02
+8.468944e+02 -2.919255e+02
+9.047224e+02 -2.892782e+02
+9.620049e+02 -2.864567e+02
+1.018707e+03 -2.834629e+02
+1.074796e+03 -2.802982e+02
+1.130236e+03 -2.769645e+02
+1.184996e+03 -2.734637e+02
+1.239041e+03 -2.697978e+02
+1.292340e+03 -2.659688e+02
+1.344861e+03 -2.619790e+02
+1.396571e+03 -2.578306e+02
+1.447442e+03 -2.535260e+02
+1.497441e+03 -2.490676e+02
+1.546539e+03 -2.444581e+02
+1.594707e+03 -2.397002e+02
+1.641915e+03 -2.347969e+02
+1.688136e+03 -2.297513e+02
+1.733340e+03 -2.245668e+02
+1.777500e+03 -2.192471e+02
-1.191891e-10 -3.716241e+02
+6.148946e+01 -3.715122e+02
+1.229418e+02 -3.711767e+02
+1.843201e+02 -3.706177e+02
+2.455871e+02 -3.698356e+02
+3.067060e+02 -3.688310e+02
+3.676399e+02 -3.676044e+02
+4.283519e+02 -3.661568e+02
+4.888055e+02 -3.644890e+02
+5.489641e+02 -3.626020e+02
+6.087915e+02 -3.604971e+02
+6.682515e+02 -3.581756e+02
+7.273083e+02 -3.556387e+02
+7.859263e+02 -3.528880e+02
+8.440703e+02 -3.499250e+02
+9.017053e+02 -3.467515e+02
+9.587967e+02 -3.433693e+02
+1.015310e+03 -3.397802e+02
+1.071212e+03 -3.359863e+02
+1.126468e+03 -3.319897e+02
+1.181046e+03 -3.277928e+02
+1.234912e+03 -3.233978e+02
+1.288035e+03 -3.188074e+02
+1.340382e+03 -3.140241e+02
+1.391923e+03 -3.090506e+02
+1.442626e+03 -3.038898e+02
+1.492462e+03 -2.985447e+02
+1.541400e+03 -2.930185e+02
+1.589410e+03 -2.873147e+02
+1.636465e+03 -2.814371e+02
+1.682533e+03 -2.753896e+02
+1.727588e+03 -2.691763e+02
+1.771601e+03 -2.628017e+02
-7.241371e-11 -4.329951e+02
+6.124698e+01 -4.328648e+02
+1.224570e+02 -4.324739e+02
+1.835931e+02 -4.318227e+02
+2.446185e+02 -4.309116e+02
+3.054962e+02 -4.297412e+02
+3.661895e+02 -4.283124e+02
+4.266618e+02 -4.266259e+02
+4.868766e+02 -4.246829e+02
+5.467975e+02 -4.224846e+02
+6.063883e+02 -4.200323e+02
+6.656133e+02 -4.173275e+02
+7.244366e+02 -4.143717e+02
+7.828229e+02 -4.111667e+02
+8.407372e+02 -4.077143e+02
+8.981446e+02 -4.040165e+02
+9.550106e+02 -4.000752e+02
+1.011301e+03 -3.958929e+02
+1.066983e+03 -3.914718e+02
+1.122021e+03 -3.868145e+02
+1.176384e+03 -3.819237e+02
+1.230039e+03 -3.768020e+02
+1.282954e+03 -3.714525e+02
+1.335097e+03 -3.658780e+02
+1.386438e+03 -3.600820e+02
+1.436944e+03 -3.540677e+02
+1.486586e+03 -3.478388e+02
+1.535334e+03 -3.413994e+02
+1.583158e+03 -3.347536e+02
+1.630028e+03 -3.279061e+02
+1.675915e+03 -3.208615e+02
+1.720791e+03 -3.136246e+02
+1.764628e+03 -3.062002e+02
-6.908098e-11 -4.941055e+02
+6.096756e+01 -4.939568e+02
+1.218983e+02 -4.935108e+02
+1.827555e+02 -4.927678e+02
+2.435023e+02 -4.917283e+02
+3.041021e+02 -4.903930e+02
+3.645182e+02 -4.887627e+02
+4.247143e+02 -4.868385e+02
+4.846539e+02 -4.846216e+02
+5.443009e+02 -4.821133e+02
+6.036193e+02 -4.793152e+02
+6.625735e+02 -4.762287e+02
+7.211280e+02 -4.728559e+02
+7.792475e+02 -4.691984e+02
+8.368972e+02 -4.652585e+02
+8.940426e+02 -4.610384e+02
+9.506492e+02 -4.565404e+02
+1.006683e+03 -4.517671e+02
+1.062111e+03 -4.467213e+02
+1.116899e+03 -4.414058e+02
+1.171016e+03 -4.358235e+02
+1.224428e+03 -4.299778e+02
+1.277103e+03 -4.238718e+02
+1.329011e+03 -4.175091e+02
+1.380120e+03 -4.108936e+02
+1.430399e+03 -4.040293e+02
+1.479817e+03 -3.969207e+02
+1.528345e+03 -3.895726e+02
+1.575951e+03 -3.819899e+02
+1.622607e+03 -3.741779e+02
+1.668283e+03 -3.661418e+02
+1.712951e+03 -3.578867e+02
+1.756585e+03 -3.494177e+02
-2.066927e-10 -5.549184e+02
+6.065136e+01 -5.547515e+02
+1.212661e+02 -5.542507e+02
+1.818075e+02 -5.534164e+02
+2.422391e+02 -5.522492e+02
+3.025244e+02 -5.507498e+02
+3.626269e+02 -5.489192e+02
+4.225104e+02 -5.467585e+02
+4.821387e+02 -5.442691e+02
+5.414758e+02 -5.414523e+02
+6.004861e+02 -5.383100e+02
+6.591341e+02 -5.348438e+02
+7.173845e+02 -5.310557e+02
+7.752024e+02 -5.269479e+02
+8.325530e+02 -5.225227e+02
+8.894020e+02 -5.177827e+02
+9.457153e+02 -5.127304e+02
+1.001459e+03 -5.073689e+02
+1.056600e+03 -5.017010e+02
+1.111106e+03 -4.957301e+02
+1.164943e+03 -4.894594e+02
+1.218080e+03 -4.828926e+02
+1.270485e+03 -4.760334e+02
+1.322126e+03 -4.688861e+02
+1.372973e+03 -4.614552e+02
+1.422993e+03 -4.537454e+02
+1.472157e+03 -4.457621e+02
+1.520433e+03 -4.375108e+02
+1.567791e+03 -4.289971e+02
+1.614202e+03 -4.202265e+02
+1.659638e+03 -4.112046e+02
+1.704072e+03 -4.019367e+02
+1.747476e+03 -3.924277e+02
-1.377205e-10 -6.153974e+02
+6.029855e+01 -6.152122e+02
+1.205606e+02 -6.146570e+02
+1.807498e+02 -6.137320e+02
+2.408298e+02 -6.124379e+02
+3.007641e+02 -6.107754e+02
+3.605167e+02 -6.087456e+02
+4.200515e+02 -6.063498e+02
+4.793325e+02 -6.035894e+02
+5.383241e+02 -6.004659e+02
+5.969908e+02 -5.969812e+02
+6.552974e+02 -5.931372e+02
+7.132088e+02 -5.889361e+02
+7.706903e+02 -5.843803e+02
+8.277074e+02 -5.794724e+02
+8.842261e+02 -5.742150e+02
+9.402124e+02 -5.686113e+02
+9.956329e+02 -5.626644e+02
+1.050455e+03 -5.563775e+02
+1.104645e+03 -5.497543e+02
+1.158171e+03 -5.427985e+02
+1.211001e+03 -5.355142e+02
+1.263104e+03 -5.279059e+02
+1.314448e+03 -5.199784e+02
+1.365000e+03 -5.117370e+02
+1.414731e+03 -5.031874e+02
+1.463608e+03 -4.943355e+02
+1.511601e+03 -4.851873e+02
+1.558681e+03 -4.757487e+02
+1.604819e+03 -4.660255e+02
+1.649987e+03 -4.560231e+02
+1.694160e+03 -4.457468e+02
+1.737312e+03 -4.352018e+02
-1.929218e-10 -6.755059e+02
+5.990932e+01 -6.753028e+02
+1.197824e+02 -6.746935e+02
+1.795830e+02 -6.736784e+02
+2.392750e+02 -6.722581e+02
+2.988223e+02 -6.704336e+02
+3.581889e+02 -6.682060e+02
+4.173390e+02 -6.655765e+02
+4.762371e+02 -6.625467e+02
+5.348477e+02 -6.591184e+02
+5.931355e+02 -6.552933e+02
+6.510656e+02 -6.510738e+02
+7.086033e+02 -6.464621e+02
+7.657140e+02 -6.414608e+02
+8.223636e+02 -6.360729e+02
+8.785181e+02 -6.303012e+02
+9.341440e+02 -6.241491e+02
+9.892082e+02 -6.176199e+02
+1.043678e+03 -6.107174e+02
+1.097521e+03 -6.034455e+02
+1.150704e+03 -5.958085e+02
+1.203196e+03 -5.878110e+02
+1.254965e+03 -5.794583e+02
+1.305978e+03 -5.707561e+02
+1.356205e+03 -5.617104e+02
+1.405613e+03 -5.523274e+02
+1.454173e+03 -5.426135e+02
+1.501853e+03 -5.325749e+02
+1.548625e+03 -5.222175e+02
+1.594463e+03 -5.115469e+02
+1.639339e+03 -5.005686e+02
+1.683227e+03 -4.892881e+02
+1.726104e+03 -4.777111e+02
+3.285347e-11 -7.352080e+02
+5.948391e+01 -7.349870e+02
+1.189318e+02 -7.343240e+02
+1.783077e+02 -7.332195e+02
+2.375757e+02 -7.316740e+02
+2.967000e+02 -7.296887e+02
+3.556448e+02 -7.272645e+02
+4.143748e+02 -7.244030e+02
+4.728545e+02 -7.211056e+02
+5.310488e+02 -7.173743e+02
+5.889228e+02 -7.132112e+02
+6.464417e+02 -7.086184e+02
+7.035711e+02 -7.035987e+02
+7.602769e+02 -6.981549e+02
+8.165249e+02 -6.922899e+02
+8.722818e+02 -6.860070e+02
+9.275143e+02 -6.793098e+02
+9.821895e+02 -6.722019e+02
+1.036275e+03 -6.646875e+02
+1.089738e+03 -6.567710e+02
+1.142546e+03 -6.484573e+02
+1.194668e+03 -6.397519e+02
+1.246070e+03 -6.306607e+02
+1.296722e+03 -6.211902e+02
+1.346590e+03 -6.113469e+02
+1.395645e+03 -6.011375e+02
+1.443856e+03 -5.905682e+02
+1.491195e+03 -5.796453e+02
+1.537633e+03 -5.683744e+02
+1.583144e+03 -5.567611e+02
+1.627703e+03 -5.448113e+02
+1.671285e+03 -5.325312e+02
+1.713863e+03 -5.199278e+02
-1.338970e-10 -7.944678e+02
+5.902255e+01 -7.942290e+02
+1.180093e+02 -7.935128e+02
+1.769247e+02 -7.923195e+02
+2.357329e+02 -7.906499e+02
+2.943985e+02 -7.885049e+02
+3.528862e+02 -7.858857e+02
+4.111606e+02 -7.827937e+02
+4.691868e+02 -7.792307e+02
+5.269299e+02 -7.751986e+02
+5.843553e+02 -7.706997e+02
+6.414285e+02 -7.657364e+02
+6.981155e+02 -7.603115e+02
+7.543823e+02 -7.544280e+02
+8.101954e+02 -7.480892e+02
+8.655215e+02 -7.412985e+02
+9.203277e+02 -7.340598e+02
+9.745813e+02 -7.263771e+02
+1.028250e+03 -7.182551e+02
+1.081301e+03 -7.096988e+02
+1.133702e+03 -7.007139e+02
+1.185420e+03 -6.913067e+02
+1.236424e+03 -6.814838e+02
+1.286681e+03 -6.712521e+02
+1.336160e+03 -6.606184e+02
+1.384831e+03 -6.495892e+02
+1.432665e+03 -6.381708e+02
+1.479635e+03 -6.263689e+02
+1.525713e+03 -6.141893e+02
+1.570875e+03 -6.016381e+02
+1.615093e+03 -5.887219e+02
+1.658342e+03 -5.754485e+02
+1.700595e+03 -5.618263e+02
-1.735983e-10 -8.532497e+02
+5.852552e+01 -8.529933e+02
+1.170156e+02 -8.522242e+02
+1.754348e+02 -8.509430e+02
+2.337478e+02 -8.491502e+02
+2.919194e+02 -8.468468e+02
+3.499146e+02 -8.440340e+02
+4.076984e+02 -8.407134e+02
+4.652363e+02 -8.368868e+02
+5.224935e+02 -8.325562e+02
+5.794359e+02 -8.277241e+02
+6.360293e+02 -8.223930e+02
+6.922400e+02 -8.165659e+02
+7.480343e+02 -8.102460e+02
+8.033792e+02 -8.034368e+02
+8.582416e+02 -7.961420e+02
+9.125888e+02 -7.883657e+02
+9.663884e+02 -7.801127e+02
+1.019608e+03 -7.713880e+02
+1.072214e+03 -7.621976e+02
+1.124175e+03 -7.525480e+02
+1.175458e+03 -7.424459e+02
+1.226030e+03 -7.318986e+02
+1.275861e+03 -7.209130e+02
+1.324921e+03 -7.094957e+02
+1.373179e+03 -6.976530e+02
+1.420610e+03 -6.853908e+02
+1.467185e+03 -6.727149e+02
+1.512879e+03 -6.596317e+02
+1.557665e+03 -6.461483e+02
+1.601516e+03 -6.322729e+02
+1.644406e+03 -6.180148e+02
+1.686305e+03 -6.033840e+02
-2.281680e-10 -9.115184e+02
+5.799314e+01 -9.112445e+02
+1.159511e+02 -9.104231e+02
+1.738390e+02 -9.090546e+02
+2.316216e+02 -9.071396e+02
+2.892642e+02 -9.046792e+02
+3.467320e+02 -9.016745e+02
+4.039906e+02 -8.981272e+02
+4.610055e+02 -8.940391e+02
+5.177425e+02 -8.894125e+02
+5.741678e+02 -8.842498e+02
+6.302475e+02 -8.785539e+02
+6.859483e+02 -8.723278e+02
+7.412369e+02 -8.655750e+02
+7.960806e+02 -8.582990e+02
+8.504466e+02 -8.505040e+02
+9.043023e+02 -8.421947e+02
+9.576153e+02 -8.333763e+02
+1.010353e+03 -8.240549e+02
+1.062482e+03 -8.142370e+02
+1.113970e+03 -8.039297e+02
+1.164784e+03 -7.931403e+02
+1.214894e+03 -7.818759e+02
+1.264269e+03 -7.701433e+02
+1.312880e+03 -7.579487e+02
+1.360699e+03 -7.452979e+02
+1.407699e+03 -7.321970e+02
+1.453855e+03 -7.186526e+02
+1.499138e+03 -7.046722e+02
+1.543522e+03 -6.902645e+02
+1.586979e+03 -6.754395e+02
+1.629480e+03 -6.602077e+02
+1.670996e+03 -6.445800e+02
-1.387172e-10 -9.692389e+02
+5.742572e+01 -9.689477e+02
+1.148167e+02 -9.680745e+02
+1.721382e+02 -9.666195e+02
+2.293556e+02 -9.645834e+02
+2.864345e+02 -9.619673e+02
+3.433405e+02 -9.587723e+02
+4.000394e+02 -9.550003e+02
+4.564972e+02 -9.506530e+02
+5.126800e+02 -9.457330e+02
+5.685544e+02 -9.402426e+02
+6.240869e+02 -9.341850e+02
+6.792446e+02 -9.275633e+02
+7.339946e+02 -9.203810e+02
+7.883044e+02 -9.126423e+02
+8.421414e+02 -9.043517e+02
+8.954730e+02 -8.955145e+02
+9.482666e+02 -8.861367e+02
+1.000489e+03 -8.762251e+02
+1.052108e+03 -8.657870e+02
+1.103090e+03 -8.548297e+02
+1.153405e+03 -8.433604e+02
+1.203022e+03 -8.313860e+02
+1.251912e+03 -8.189125e+02
+1.300047e+03 -8.059461e+02
+1.347400e+03 -7.924926e+02
+1.393945e+03 -7.785588e+02
+1.439655e+03 -7.641528e+02
+1.484501e+03 -7.492837e+02
+1.528454e+03 -7.339621e+02
+1.571485e+03 -7.181991e+02
+1.613568e+03 -7.020058e+02
+1.654674e+03 -6.853927e+02
-2.328223e-10 -1.026377e+03
+5.682365e+01 -1.026068e+03
+1.136129e+02 -1.025144e+03
+1.703336e+02 -1.023603e+03
+2.269514e+02 -1.021447e+03
+2.834322e+02 -1.018676e+03
+3.397422e+02 -1.015293e+03
+3.958473e+02 -1.011298e+03
+4.517141e+02 -1.006694e+03
+5.073091e+02 -1.001483e+03
+5.625992e+02 -9.956685e+02
+6.175514e+02 -9.892524e+02
+6.721331e+02 -9.822386e+02
+7.263119e+02 -9.746309e+02
+7.800552e+02 -9.664339e+02
+8.333307e+02 -9.576528e+02
+8.861055e+02 -9.482936e+02
+9.383467e+02 -9.383631e+02
+9.900215e+02 -9.278687e+02
+1.041097e+03 -9.168180e+02
+1.091543e+03 -9.052182e+02
+1.141328e+03 -8.930760e+02
+1.190423e+03 -8.803977e+02
+1.238800e+03 -8.671891e+02
+1.286433e+03 -8.534563e+02
+1.333295e+03 -8.392061e+02
+1.379358e+03 -8.244470e+02
+1.424593e+03 -8.091886e+02
+1.468971e+03 -7.934419e+02
+1.512463e+03 -7.772185e+02
+1.555040e+03 -7.605298e+02
+1.596676e+03 -7.433864e+02
+1.637346e+03 -7.257981e+02
-1.185362e-10 -1.082897e+03
+5.618731e+01 -1.082572e+03
+1.123407e+02 -1.081596e+03
+1.684264e+02 -1.079970e+03
+2.244104e+02 -1.077696e+03
+2.802593e+02 -1.074772e+03
+3.359393e+02 -1.071202e+03
+3.914171e+02 -1.066987e+03
+4.466594e+02 -1.062129e+03
+5.016333e+02 -1.056630e+03
+5.563061e+02 -1.050494e+03
+6.106452e+02 -1.043723e+03
+6.646185e+02 -1.036320e+03
+7.181935e+02 -1.028292e+03
+7.713379e+02 -1.019642e+03
+8.240191e+02 -1.010376e+03
+8.762042e+02 -1.000501e+03
+9.278603e+02 -9.900255e+02
+9.789549e+02 -9.789560e+02
+1.029456e+03 -9.673003e+02
+1.079335e+03 -9.550649e+02
+1.128560e+03 -9.422561e+02
+1.177106e+03 -9.288795e+02
+1.224945e+03 -9.149413e+02
+1.272050e+03 -9.004485e+02
+1.318392e+03 -8.854096e+02
+1.363943e+03 -8.698348e+02
+1.408674e+03 -8.537355e+02
+1.452554e+03 -8.371237e+02
+1.495555e+03 -8.200110e+02
+1.537651e+03 -8.024081e+02
+1.578816e+03 -7.843246e+02
+1.619029e+03 -7.657697e+02
-2.634492e-10 -1.138766e+03
+5.551712e+01 -1.138424e+03
+1.110008e+02 -1.137398e+03
+1.664177e+02 -1.135688e+03
+2.217344e+02 -1.133296e+03
+2.769177e+02 -1.130221e+03
+3.319344e+02 -1.126467e+03
+3.867515e+02 -1.122033e+03
+4.413363e+02 -1.116924e+03
+4.956563e+02 -1.111140e+03
+5.496791e+02 -1.104685e+03
+6.033728e+02 -1.097562e+03
+6.567052e+02 -1.089776e+03
+7.096441e+02 -1.081331e+03
+7.621570e+02 -1.072234e+03
+8.142112e+02 -1.062490e+03
+8.657738e+02 -1.052107e+03
+9.168124e+02 -1.041094e+03
+9.672952e+02 -1.029457e+03
+1.017192e+03 -1.017203e+03
+1.066474e+03 -1.004339e+03
+1.115113e+03 -9.908687e+02
+1.163083e+03 -9.767996e+02
+1.210356e+03 -9.621384e+02
+1.256905e+03 -9.468938e+02
+1.302699e+03 -9.310763e+02
+1.347708e+03 -9.146978e+02
+1.391904e+03 -8.977704e+02
+1.435256e+03 -8.803061e+02
+1.477740e+03 -8.623154e+02
+1.519329e+03 -8.438078e+02
+1.560002e+03 -8.247928e+02
+1.599737e+03 -8.052793e+02
-2.873097e-10 -1.193950e+03
+5.481354e+01 -1.193592e+03
+1.095942e+02 -1.192516e+03
+1.643089e+02 -1.190723e+03
+2.189250e+02 -1.188214e+03
+2.734095e+02 -1.184990e+03
+3.277299e+02 -1.181052e+03
+3.818535e+02 -1.176403e+03
+4.357481e+02 -1.171045e+03
+4.893817e+02 -1.164979e+03
+5.427225e+02 -1.158209e+03
+5.957385e+02 -1.150739e+03
+6.483979e+02 -1.142574e+03
+7.006683e+02 -1.133718e+03
+7.525172e+02 -1.124180e+03
+8.039118e+02 -1.113965e+03
+8.548196e+02 -1.103082e+03
+9.052091e+02 -1.091539e+03
+9.550498e+02 -1.079341e+03
+1.004313e+03 -1.066496e+03
+1.052971e+03 -1.053007e+03
+1.100997e+03 -1.038882e+03
+1.148364e+03 -1.024127e+03
+1.195044e+03 -1.008752e+03
+1.241006e+03 -9.927656e+02
+1.286221e+03 -9.761818e+02
+1.330658e+03 -9.590124e+02
+1.374289e+03 -9.412696e+02
+1.417088e+03 -9.229638e+02
+1.459029e+03 -9.041046e+02
+1.500091e+03 -8.847011e+02
+1.540251e+03 -8.647628e+02
+1.579486e+03 -8.443009e+02
-2.001903e-10 -1.248416e+03
+5.407702e+01 -1.248041e+03
+1.081216e+02 -1.246916e+03
+1.621014e+02 -1.245041e+03
+2.159840e+02 -1.242417e+03
+2.697371e+02 -1.239045e+03
+3.233285e+02 -1.234927e+03
+3.767262e+02 -1.230064e+03
+4.298985e+02 -1.224459e+03
+4.828137e+02 -1.218115e+03
+5.354404e+02 -1.211034e+03
+5.877469e+02 -1.203221e+03
+6.397011e+02 -1.194682e+03
+6.912707e+02 -1.185422e+03
+7.424232e+02 -1.175449e+03
+7.931260e+02 -1.164771e+03
+8.433476e+02 -1.153396e+03
+8.930576e+02 -1.141329e+03
+9.422273e+02 -1.128577e+03
+9.908293e+02 -1.115146e+03
+1.038837e+03 -1.101040e+03
+1.086222e+03 -1.086266e+03
+1.132958e+03 -1.070834e+03
+1.179014e+03 -1.054754e+03
+1.224359e+03 -1.038039e+03
+1.268965e+03 -1.020702e+03
+1.312801e+03 -1.002755e+03
+1.355841e+03 -9.842073e+02
+1.398061e+03 -9.650695e+02
+1.439439e+03 -9.453504e+02
+1.479951e+03 -9.250596e+02
+1.519576e+03 -9.042087e+02
+1.558287e+03 -8.828107e+02
-1.604528e-10 -1.302131e+03
+5.330804e+01 -1.301740e+03
+1.065842e+02 -1.300565e+03
+1.597966e+02 -1.298609e+03
+2.129134e+02 -1.295871e+03
+2.659027e+02 -1.292353e+03
+3.187331e+02 -1.288057e+03
+3.713730e+02 -1.282983e+03
+4.237911e+02 -1.277135e+03
+4.759563e+02 -1.270515e+03
+5.278373e+02 -1.263128e+03
+5.794024e+02 -1.254977e+03
+6.306194e+02 -1.246069e+03
+6.814560e+02 -1.236412e+03
+7.318800e+02 -1.226013e+03
+7.818596e+02 -1.214879e+03
+8.313646e+02 -1.203018e+03
+8.803664e+02 -1.190435e+03
+9.288374e+02 -1.177134e+03
+9.767511e+02 -1.163122e+03
+1.024080e+03 -1.148405e+03
+1.070797e+03 -1.132991e+03
+1.116872e+03 -1.116893e+03
+1.162274e+03 -1.100121e+03
+1.206972e+03 -1.082691e+03
+1.250939e+03 -1.064613e+03
+1.294147e+03 -1.045898e+03
+1.336572e+03 -1.026556e+03
+1.378192e+03 -1.006595e+03
+1.418984e+03 -9.860245e+02
+1.458925e+03 -9.648575e+02
+1.497990e+03 -9.431069e+02
+1.536152e+03 -9.207875e+02
-2.991608e-11 -1.355062e+03
+5.250708e+01 -1.354655e+03
+1.049828e+02 -1.353432e+03
+1.573959e+02 -1.351396e+03
+2.097149e+02 -1.348546e+03
+2.619088e+02 -1.344883e+03
+3.139465e+02 -1.340411e+03
+3.657971e+02 -1.335129e+03
+4.174298e+02 -1.329040e+03
+4.688137e+02 -1.322149e+03
+5.199174e+02 -1.314459e+03
+5.707094e+02 -1.305976e+03
+6.211573e+02 -1.296707e+03
+6.712292e+02 -1.286659e+03
+7.208934e+02 -1.275841e+03
+7.701196e+02 -1.264259e+03
+8.188791e+02 -1.251918e+03
+8.671448e+02 -1.238823e+03
+9.148901e+02 -1.224980e+03
+9.620883e+02 -1.210394e+03
+1.008711e+03 -1.195074e+03
+1.054730e+03 -1.179031e+03
+1.100113e+03 -1.162279e+03
+1.144830e+03 -1.144829e+03
+1.188852e+03 -1.126695e+03
+1.232154e+03 -1.107888e+03
+1.274710e+03 -1.088415e+03
+1.316498e+03 -1.068286e+03
+1.357496e+03 -1.047511e+03
+1.397680e+03 -1.026101e+03
+1.437023e+03 -1.004071e+03
+1.475502e+03 -9.814362e+02
+1.513090e+03 -9.582115e+02
+3.862817e-11 -1.407178e+03
+5.167464e+01 -1.406755e+03
+1.033185e+02 -1.405485e+03
+1.549007e+02 -1.403369e+03
+2.063907e+02 -1.400408e+03
+2.577579e+02 -1.396603e+03
+3.089718e+02 -1.391956e+03
+3.600022e+02 -1.386468e+03
+4.108184e+02 -1.380143e+03
+4.613898e+02 -1.372985e+03
+5.116851e+02 -1.364997e+03
+5.616723e+02 -1.356188e+03
+6.113197e+02 -1.346565e+03
+6.605956e+02 -1.336135e+03
+7.094699e+02 -1.324904e+03
+7.579138e+02 -1.312879e+03
+8.059001e+02 -1.300064e+03
+8.534028e+02 -1.286464e+03
+9.003952e+02 -1.272083e+03
+9.468498e+02 -1.256932e+03
+9.927372e+02 -1.241020e+03
+1.038027e+03 -1.224361e+03
+1.082688e+03 -1.206968e+03
+1.126692e+03 -1.188853e+03
+1.170012e+03 -1.170026e+03
+1.212624e+03 -1.150498e+03
+1.254506e+03 -1.130276e+03
+1.295635e+03 -1.109370e+03
+1.335987e+03 -1.087792e+03
+1.375536e+03 -1.065557e+03
+1.414257e+03 -1.042680e+03
+1.452124e+03 -1.019176e+03
+1.489115e+03 -9.950597e+02
+1.432675e-10 -1.458446e+03
+5.081122e+01 -1.458007e+03
+1.015922e+02 -1.456691e+03
+1.523128e+02 -1.454497e+03
+2.029429e+02 -1.451426e+03
+2.534527e+02 -1.447481e+03
+3.038122e+02 -1.442662e+03
+3.539917e+02 -1.436972e+03
+4.039609e+02 -1.430413e+03
+4.536889e+02 -1.422992e+03
+5.031444e+02 -1.414714e+03
+5.522958e+02 -1.405585e+03
+6.011117e+02 -1.395615e+03
+6.495617e+02 -1.384808e+03
+6.976172e+02 -1.373172e+03
+7.452510e+02 -1.360710e+03
+7.924372e+02 -1.347426e+03
+8.391499e+02 -1.333326e+03
+8.853616e+02 -1.318417e+03
+9.310435e+02 -1.302711e+03
+9.761649e+02 -1.286219e+03
+1.020695e+03 -1.268956e+03
+1.064606e+03 -1.250935e+03
+1.107870e+03 -1.232165e+03
+1.150463e+03 -1.212656e+03
+1.192364e+03 -1.192415e+03
+1.233549e+03 -1.171454e+03
+1.273995e+03 -1.149782e+03
+1.313675e+03 -1.127417e+03
+1.352564e+03 -1.104371e+03
+1.390636e+03 -1.080663e+03
+1.427870e+03 -1.056304e+03
+1.464242e+03 -1.031309e+03
+6.409187e-11 -1.508837e+03
+4.991734e+01 -1.508382e+03
+9.980504e+01 -1.507019e+03
+1.496336e+02 -1.504748e+03
+1.993736e+02 -1.501570e+03
+2.489958e+02 -1.497486e+03
+2.984709e+02 -1.492498e+03
+3.477693e+02 -1.486608e+03
+3.968609e+02 -1.479821e+03
+4.457149e+02 -1.472142e+03
+4.942999e+02 -1.463579e+03
+5.425849e+02 -1.454138e+03
+5.905393e+02 -1.443827e+03
+6.381345e+02 -1.432650e+03
+6.853435e+02 -1.420613e+03
+7.321405e+02 -1.407719e+03
+7.784999e+02 -1.393973e+03
+8.243950e+02 -1.379381e+03
+8.697973e+02 -1.363953e+03
+9.146765e+02 -1.347704e+03
+9.590021e+02 -1.330646e+03
+1.002745e+03 -1.312792e+03
+1.045878e+03 -1.294153e+03
+1.088378e+03 -1.274738e+03
+1.130223e+03 -1.254554e+03
+1.171389e+03 -1.233612e+03
+1.211854e+03 -1.211922e+03
+1.251590e+03 -1.189500e+03
+1.290573e+03 -1.166361e+03
+1.328776e+03 -1.142522e+03
+1.366177e+03 -1.117996e+03
+1.402755e+03 -1.092796e+03
+1.438491e+03 -1.066936e+03
+4.465102e-11 -1.558318e+03
+4.899354e+01 -1.557849e+03
+9.795810e+01 -1.556440e+03
+1.468648e+02 -1.554093e+03
+1.956850e+02 -1.550809e+03
+2.443900e+02 -1.546588e+03
+2.929510e+02 -1.541433e+03
+3.413385e+02 -1.535348e+03
+3.895224e+02 -1.528336e+03
+4.374719e+02 -1.520406e+03
+4.851562e+02 -1.511565e+03
+5.325449e+02 -1.501818e+03
+5.796092e+02 -1.491172e+03
+6.263220e+02 -1.479631e+03
+6.726578e+02 -1.467199e+03
+7.185914e+02 -1.453878e+03
+7.640969e+02 -1.439676e+03
+8.091462e+02 -1.424601e+03
+8.537095e+02 -1.408667e+03
+8.977564e+02 -1.391888e+03
+9.412575e+02 -1.374276e+03
+9.841861e+02 -1.355842e+03
+1.026518e+03 -1.336595e+03
+1.068232e+03 -1.316543e+03
+1.109305e+03 -1.295694e+03
+1.149713e+03 -1.274061e+03
+1.189430e+03 -1.251658e+03
+1.228432e+03 -1.228501e+03
+1.266691e+03 -1.204606e+03
+1.304186e+03 -1.179986e+03
+1.340895e+03 -1.154656e+03
+1.376798e+03 -1.128627e+03
+1.411876e+03 -1.101916e+03
+1.053113e-10 -1.606861e+03
+4.804039e+01 -1.606377e+03
+9.605253e+01 -1.604923e+03
+1.440083e+02 -1.602502e+03
+1.918795e+02 -1.599113e+03
+2.396382e+02 -1.594757e+03
+2.872557e+02 -1.589439e+03
+3.347027e+02 -1.583162e+03
+3.819491e+02 -1.575932e+03
+4.289644e+02 -1.567756e+03
+4.757184e+02 -1.558643e+03
+5.221822e+02 -1.548596e+03
+5.683287e+02 -1.537621e+03
+6.141325e+02 -1.525721e+03
+6.595690e+02 -1.512898e+03
+7.046127e+02 -1.499157e+03
+7.492364e+02 -1.484508e+03
+7.934109e+02 -1.468963e+03
+8.371058e+02 -1.452535e+03
+8.802918e+02 -1.435238e+03
+9.229418e+02 -1.417083e+03
+9.650320e+02 -1.398078e+03
+1.006540e+03 -1.378232e+03
+1.047445e+03 -1.357552e+03
+1.087722e+03 -1.336051e+03
+1.127346e+03 -1.313742e+03
+1.166291e+03 -1.290641e+03
+1.204531e+03 -1.266764e+03
+1.242045e+03 -1.242126e+03
+1.278810e+03 -1.216740e+03
+1.314808e+03 -1.190618e+03
+1.350016e+03 -1.163775e+03
+1.384412e+03 -1.136232e+03
-3.198657e-10 -1.654436e+03
+4.705849e+01 -1.653937e+03
+9.408951e+01 -1.652439e+03
+1.410656e+02 -1.649944e+03
+1.879594e+02 -1.646452e+03
+2.347431e+02 -1.641965e+03
+2.813882e+02 -1.636486e+03
+3.278654e+02 -1.630022e+03
+3.741449e+02 -1.622579e+03
+4.201968e+02 -1.614165e+03
+4.659920e+02 -1.604785e+03
+5.115035e+02 -1.594444e+03
+5.567059e+02 -1.583145e+03
+6.015748e+02 -1.570889e+03
+6.460857e+02 -1.557682e+03
+6.902123e+02 -1.543530e+03
+7.339258e+02 -1.528445e+03
+7.771964e+02 -1.512441e+03
+8.199945e+02 -1.495531e+03
+8.622930e+02 -1.477728e+03
+9.040677e+02 -1.459039e+03
+9.452966e+02 -1.439473e+03
+9.859584e+02 -1.419036e+03
+1.026030e+03 -1.397741e+03
+1.065486e+03 -1.375600e+03
+1.104300e+03 -1.352630e+03
+1.142447e+03 -1.328848e+03
+1.179904e+03 -1.304266e+03
+1.216651e+03 -1.278898e+03
+1.252667e+03 -1.252758e+03
+1.287932e+03 -1.225859e+03
+1.322421e+03 -1.198222e+03
+1.356114e+03 -1.169862e+03
+1.507085e-10 -1.701014e+03
+4.604847e+01 -1.700500e+03
+9.207031e+01 -1.698959e+03
+1.380388e+02 -1.696391e+03
+1.839270e+02 -1.692798e+03
+2.297073e+02 -1.688182e+03
+2.753515e+02 -1.682548e+03
+3.208302e+02 -1.675902e+03
+3.661141e+02 -1.668252e+03
+4.111742e+02 -1.659604e+03
+4.559834e+02 -1.649963e+03
+5.005163e+02 -1.639332e+03
+5.447489e+02 -1.627713e+03
+5.886573e+02 -1.615108e+03
+6.322161e+02 -1.601524e+03
+6.753976e+02 -1.586970e+03
+7.181724e+02 -1.571462e+03
+7.605109e+02 -1.555011e+03
+8.023856e+02 -1.537632e+03
+8.437722e+02 -1.519332e+03
+8.846486e+02 -1.500118e+03
+9.249941e+02 -1.479999e+03
+9.647859e+02 -1.458983e+03
+1.003999e+03 -1.437085e+03
+1.042608e+03 -1.414321e+03
+1.080587e+03 -1.390706e+03
+1.117914e+03 -1.366256e+03
+1.154567e+03 -1.340982e+03
+1.190527e+03 -1.314898e+03
+1.225773e+03 -1.288018e+03
+1.260281e+03 -1.260362e+03
+1.294030e+03 -1.231947e+03
+1.326995e+03 -1.202793e+03
+3.205665e-10 -1.746566e+03
+4.501099e+01 -1.746038e+03
+8.999619e+01 -1.744454e+03
+1.349296e+02 -1.741816e+03
+1.797846e+02 -1.738123e+03
+2.245337e+02 -1.733381e+03
+2.691488e+02 -1.727596e+03
+3.136008e+02 -1.720774e+03
+3.578611e+02 -1.712922e+03
+4.019025e+02 -1.704046e+03
+4.456994e+02 -1.694149e+03
+4.892283e+02 -1.683233e+03
+5.324659e+02 -1.671298e+03
+5.753878e+02 -1.658351e+03
+6.179675e+02 -1.644399e+03
+6.601760e+02 -1.629455e+03
+7.019841e+02 -1.613535e+03
+7.433638e+02 -1.596650e+03
+7.842906e+02 -1.578810e+03
+8.247423e+02 -1.560021e+03
+8.646987e+02 -1.540292e+03
+9.041374e+02 -1.519629e+03
+9.430344e+02 -1.498048e+03
+9.813643e+02 -1.475563e+03
+1.019101e+03 -1.452191e+03
+1.056223e+03 -1.427946e+03
+1.092707e+03 -1.402841e+03
+1.128536e+03 -1.376888e+03
+1.163688e+03 -1.350102e+03
+1.198140e+03 -1.322502e+03
+1.231870e+03 -1.294105e+03
+1.264855e+03 -1.264933e+03
+1.297076e+03 -1.235001e+03
+5.987423e-10 -1.791066e+03
+4.394671e+01 -1.790524e+03
+8.786845e+01 -1.788898e+03
+1.317398e+02 -1.786189e+03
+1.755344e+02 -1.782400e+03
+2.192249e+02 -1.777537e+03
+2.627832e+02 -1.771605e+03
+3.061810e+02 -1.764612e+03
+3.493910e+02 -1.756564e+03
+3.923875e+02 -1.747465e+03
+4.351472e+02 -1.737315e+03
+4.776473e+02 -1.726117e+03
+5.198647e+02 -1.713874e+03
+5.617739e+02 -1.700591e+03
+6.033470e+02 -1.686282e+03
+6.445550e+02 -1.670961e+03
+6.853698e+02 -1.654640e+03
+7.257661e+02 -1.637330e+03
+7.657220e+02 -1.619038e+03
+8.052173e+02 -1.599770e+03
+8.442304e+02 -1.579534e+03
+8.827384e+02 -1.558342e+03
+9.207157e+02 -1.536210e+03
+9.581366e+02 -1.513154e+03
+9.949791e+02 -1.489188e+03
+1.031221e+03 -1.464326e+03
+1.066844e+03 -1.438579e+03
+1.101829e+03 -1.411961e+03
+1.136149e+03 -1.384492e+03
+1.169786e+03 -1.356189e+03
+1.202715e+03 -1.327073e+03
+1.234917e+03 -1.297159e+03
+1.266377e+03 -1.266462e+03
