+0.000000e+00 +0.000000e+00
+0.000000e+00 +6.212737e+01
+0.000000e+00 +1.242328e+02
+0.000000e+00 +1.863159e+02
+0.000000e+00 +2.482544e+02
+0.000000e+00 +3.100533e+02
+0.000000e+00 +3.716719e+02
+0.000000e+00 +4.330138e+02
+0.000000e+00 +4.941612e+02
+0.000000e+00 +5.549443e+02
+0.000000e+00 +6.154662e+02
+0.000000e+00 +6.755363e+02
+0.000000e+00 +7.352742e+02
+0.000000e+00 +7.945085e+02
+0.000000e+00 +8.532929e+02
+0.000000e+00 +9.115480e+02
+0.000000e+00 +9.692806e+02
+0.000000e+00 +1.026427e+03
+0.000000e+00 +1.082955e+03
+0.000000e+00 +1.138796e+03
+0.000000e+00 +1.193962e+03
+0.000000e+00 +1.248431e+03
+0.000000e+00 +1.302165e+03
+0.000000e+00 +1.355094e+03
+0.000000e+00 +1.407212e+03
+0.000000e+00 +1.458462e+03
+0.000000e+00 +1.508850e+03
+0.000000e+00 +1.558307e+03
+0.000000e+00 +1.606836e+03
+0.000000e+00 +1.654412e+03
+0.000000e+00 +1.701003e+03
+0.000000e+00 +1.746513e+03
+0.000000e+00 +1.791013e+03
-6.219059e+01 +0.000000e+00
-6.216065e+01 +6.211986e+01
-6.209249e+01 +1.241962e+02
-6.199333e+01 +1.862646e+02
-6.185915e+01 +2.481781e+02
-6.168529e+01 +3.099671e+02
-6.147008e+01 +3.715626e+02
-6.123003e+01 +4.328784e+02
-6.096193e+01 +4.940061e+02
-6.065229e+01 +5.547770e+02
-6.030069e+01 +6.152801e+02
-5.991004e+01 +6.753354e+02
-5.948199e+01 +7.350533e+02
-5.902274e+01 +7.942672e+02
-5.852889e+01 +8.530355e+02
-5.799315e+01 +9.112781e+02
-5.741999e+01 +9.689907e+02
-5.682163e+01 +1.026113e+03
-5.619483e+01 +1.082625e+03
-5.552697e+01 +1.138455e+03
-5.481743e+01 +1.193607e+03
-5.407804e+01 +1.248054e+03
-5.331431e+01 +1.301769e+03
-5.251727e+01 +1.354686e+03
-5.168201e+01 +1.406791e+03
-5.081635e+01 +1.458022e+03
-4.992516e+01 +1.508393e+03
-4.900325e+01 +1.557838e+03
-4.804769e+01 +1.606354e+03
-4.706376e+01 +1.653914e+03
-4.605468e+01 +1.700490e+03
-4.501773e+01 +1.745986e+03
-4.395189e+01 +1.790474e+03
-1.243282e+02 +0.000000e+00
-1.242900e+02 +6.207572e+01
-1.241683e+02 +1.240934e+02
-1.239719e+02 +1.861017e+02
-1.237002e+02 +2.479617e+02
-1.233525e+02 +3.096964e+02
-1.229403e+02 +3.712291e+02
-1.224509e+02 +4.324876e+02
-1.218885e+02 +4.935524e+02
-1.212541e+02 +5.542793e+02
-1.205431e+02 +6.147258e+02
-1.197620e+02 +6.747290e+02
-1.189200e+02 +7.343809e+02
-1.180108e+02 +7.935441e+02
-1.170194e+02 +8.522667e+02
-1.159551e+02 +9.104583e+02
-1.148207e+02 +9.681199e+02
-1.136130e+02 +1.025184e+03
-1.123418e+02 +1.081641e+03
-1.110094e+02 +1.137426e+03
-1.096078e+02 +1.192533e+03
-1.081345e+02 +1.246928e+03
-1.065958e+02 +1.300589e+03
-1.049961e+02 +1.353462e+03
-1.033310e+02 +1.405525e+03
-1.016017e+02 +1.456706e+03
-9.981799e+01 +1.507024e+03
-9.797771e+01 +1.556428e+03
-9.606944e+01 +1.604909e+03
-9.409904e+01 +1.652421e+03
-9.208051e+01 +1.698948e+03
-9.001082e+01 +1.744406e+03
-8.787957e+01 +1.788860e+03
-1.863385e+02 +0.000000e+00
-1.862775e+02 +6.198778e+01
-1.861038e+02 +1.239156e+02
-1.858041e+02 +1.858405e+02
-1.853939e+02 +2.475968e+02
-1.848945e+02 +3.092279e+02
-1.842892e+02 +3.706631e+02
-1.835709e+02 +4.318392e+02
-1.827407e+02 +4.928028e+02
-1.817980e+02 +5.534484e+02
-1.807460e+02 +6.137969e+02
-1.795859e+02 +6.737133e+02
-1.783102e+02 +7.332679e+02
-1.769238e+02 +7.923482e+02
-1.754326e+02 +8.509855e+02
-1.738362e+02 +9.090881e+02
-1.721361e+02 +9.666633e+02
-1.703397e+02 +1.023638e+03
-1.684409e+02 +1.080009e+03
-1.664333e+02 +1.135711e+03
-1.643223e+02 +1.190738e+03
-1.621153e+02 +1.245051e+03
-1.598149e+02 +1.298628e+03
-1.574166e+02 +1.351423e+03
-1.549203e+02 +1.403411e+03
-1.523330e+02 +1.454511e+03
-1.496564e+02 +1.504747e+03
-1.468871e+02 +1.554082e+03
-1.440264e+02 +1.602497e+03
-1.410808e+02 +1.649933e+03
-1.380537e+02 +1.696382e+03
-1.349435e+02 +1.741775e+03
-1.317499e+02 +1.786168e+03
-2.482689e+02 +0.000000e+00
-2.481956e+02 +6.186018e+01
-2.479635e+02 +1.236640e+02
-2.475811e+02 +1.854661e+02
-2.470587e+02 +2.470736e+02
-2.463870e+02 +3.085708e+02
-2.455756e+02 +3.698659e+02
-2.446102e+02 +4.309313e+02
-2.434826e+02 +4.917639e+02
-2.422108e+02 +5.522835e+02
-2.408059e+02 +6.124896e+02
-2.392580e+02 +6.722918e+02
-2.375656e+02 +7.317160e+02
-2.357370e+02 +7.906727e+02
-2.337531e+02 +8.491964e+02
-2.316190e+02 +9.071752e+02
-2.293547e+02 +9.646196e+02
-2.269590e+02 +1.021469e+03
-2.244242e+02 +1.077728e+03
-2.217494e+02 +1.133318e+03
-2.189450e+02 +1.188223e+03
-2.160124e+02 +1.242421e+03
-2.129384e+02 +1.295891e+03
-2.097304e+02 +1.348575e+03
-2.064079e+02 +1.400445e+03
-2.029691e+02 +1.451435e+03
-1.994019e+02 +1.501571e+03
-1.957092e+02 +1.550803e+03
-1.919012e+02 +1.599115e+03
-1.879810e+02 +1.646447e+03
-1.839452e+02 +1.692800e+03
-1.797961e+02 +1.738097e+03
-1.755422e+02 +1.782395e+03
-3.100397e+02 +0.000000e+00
-3.099391e+02 +6.169773e+01
-3.096497e+02 +1.233393e+02
-3.091850e+02 +1.849574e+02
-3.085363e+02 +2.464021e+02
-3.076991e+02 +3.077305e+02
-3.066786e+02 +3.688500e+02
-3.054694e+02 +4.297682e+02
-3.040781e+02 +4.904296e+02
-3.025080e+02 +5.507838e+02
-3.007541e+02 +6.108159e+02
-2.988200e+02 +6.704628e+02
-2.967017e+02 +7.297228e+02
-2.943940e+02 +7.885256e+02
-2.919130e+02 +8.468931e+02
-2.892686e+02 +9.047085e+02
-2.864474e+02 +9.619958e+02
-2.834457e+02 +1.018693e+03
-2.802716e+02 +1.074800e+03
-2.769360e+02 +1.130235e+03
-2.734373e+02 +1.184987e+03
-2.697651e+02 +1.239047e+03
-2.659264e+02 +1.292378e+03
-2.619338e+02 +1.344912e+03
-2.577879e+02 +1.396631e+03
-2.534853e+02 +1.447486e+03
-2.490258e+02 +1.497493e+03
-2.444142e+02 +1.546591e+03
-2.396577e+02 +1.594767e+03
-2.347601e+02 +1.641968e+03
-2.297216e+02 +1.688200e+03
-2.245435e+02 +1.733373e+03
-2.192291e+02 +1.777548e+03
-3.716174e+02 +0.000000e+00
-3.715028e+02 +6.150232e+01
-3.711649e+02 +1.229304e+02
-3.706122e+02 +1.843317e+02
-3.698443e+02 +2.455735e+02
-3.688494e+02 +3.067029e+02
-3.676206e+02 +3.676237e+02
-3.661663e+02 +4.283425e+02
-3.644955e+02 +4.887927e+02
-3.626042e+02 +5.489520e+02
-3.605027e+02 +6.087716e+02
-3.581895e+02 +6.682263e+02
-3.556410e+02 +7.273064e+02
-3.528736e+02 +7.859115e+02
-3.499072e+02 +8.440692e+02
-3.467360e+02 +9.016894e+02
-3.433501e+02 +9.587971e+02
-3.397512e+02 +1.015309e+03
-3.359582e+02 +1.071217e+03
-3.319676e+02 +1.126467e+03
-3.277632e+02 +1.181048e+03
-3.233550e+02 +1.234932e+03
-3.187563e+02 +1.288081e+03
-3.139697e+02 +1.340435e+03
-3.089969e+02 +1.391980e+03
-3.038405e+02 +1.442666e+03
-2.984998e+02 +1.492511e+03
-2.929752e+02 +1.541448e+03
-2.872744e+02 +1.589459e+03
-2.814061e+02 +1.636498e+03
-2.753655e+02 +1.682583e+03
-2.691502e+02 +1.727609e+03
-2.627812e+02 +1.771627e+03
-4.330240e+02 +0.000000e+00
-4.328986e+02 +6.125767e+01
-4.325070e+02 +1.224507e+02
-4.318520e+02 +1.835971e+02
-4.309363e+02 +2.446030e+02
-4.297566e+02 +3.054944e+02
-4.283218e+02 +3.661800e+02
-4.266316e+02 +4.266561e+02
-4.246870e+02 +4.868648e+02
-4.224927e+02 +5.467850e+02
-4.200428e+02 +6.063636e+02
-4.173290e+02 +6.655947e+02
-4.143671e+02 +7.244475e+02
-4.111619e+02 +7.828145e+02
-4.077086e+02 +8.407369e+02
-4.040037e+02 +8.981359e+02
-4.000495e+02 +9.550244e+02
-3.958619e+02 +1.011306e+03
-3.914415e+02 +1.066985e+03
-3.867812e+02 +1.122026e+03
-3.818847e+02 +1.176400e+03
-3.767551e+02 +1.230073e+03
-3.713993e+02 +1.283006e+03
-3.658273e+02 +1.335148e+03
-3.600361e+02 +1.386492e+03
-3.540221e+02 +1.436979e+03
-3.477919e+02 +1.486631e+03
-3.413540e+02 +1.535375e+03
-3.347144e+02 +1.583192e+03
-3.278747e+02 +1.630043e+03
-3.208349e+02 +1.675955e+03
-3.136009e+02 +1.720805e+03
-3.061818e+02 +1.764635e+03
-4.941035e+02 +0.000000e+00
-4.939609e+02 +6.096729e+01
-4.935219e+02 +1.218965e+02
-4.927842e+02 +1.827532e+02
-4.917420e+02 +2.435001e+02
-4.904028e+02 +3.041000e+02
-4.887755e+02 +3.645117e+02
-4.868503e+02 +4.247101e+02
-4.846407e+02 +4.846348e+02
-4.821382e+02 +5.442861e+02
-4.793223e+02 +6.036128e+02
-4.762159e+02 +6.625667e+02
-4.728380e+02 +7.211398e+02
-4.691812e+02 +7.792396e+02
-4.652375e+02 +8.369039e+02
-4.610085e+02 +8.940462e+02
-4.565116e+02 +9.506666e+02
-4.517410e+02 +1.006691e+03
-4.466919e+02 +1.062118e+03
-4.413726e+02 +1.116912e+03
-4.357805e+02 +1.171043e+03
-4.299214e+02 +1.224474e+03
-4.238096e+02 +1.277157e+03
-4.174525e+02 +1.329052e+03
-4.108430e+02 +1.380170e+03
-4.039785e+02 +1.430433e+03
-3.968752e+02 +1.479851e+03
-3.895404e+02 +1.528370e+03
-3.819618e+02 +1.575977e+03
-3.741461e+02 +1.622612e+03
-3.661148e+02 +1.668310e+03
-3.578645e+02 +1.712959e+03
-3.493955e+02 +1.756585e+03
-5.549520e+02 +0.000000e+00
-5.547850e+02 +6.064500e+01
-5.542800e+02 +1.212674e+02
-5.534406e+02 +1.818016e+02
-5.522683e+02 +2.422480e+02
-5.507655e+02 +3.025181e+02
-5.489313e+02 +3.626248e+02
-5.467709e+02 +4.225022e+02
-5.442838e+02 +4.821138e+02
-5.414594e+02 +5.414687e+02
-5.383095e+02 +6.004976e+02
-5.348404e+02 +6.591330e+02
-5.310536e+02 +7.173957e+02
-5.269404e+02 +7.752019e+02
-5.225019e+02 +8.325719e+02
-5.177548e+02 +8.894123e+02
-5.126989e+02 +9.457322e+02
-5.073355e+02 +1.001471e+03
-5.016669e+02 +1.056611e+03
-4.956868e+02 +1.111131e+03
-4.894056e+02 +1.164982e+03
-4.828393e+02 +1.218130e+03
-4.759852e+02 +1.270536e+03
-4.688408e+02 +1.322160e+03
-4.614111e+02 +1.373020e+03
-4.537023e+02 +1.423023e+03
-4.457222e+02 +1.472178e+03
-4.374750e+02 +1.520444e+03
-4.289651e+02 +1.567814e+03
-4.201974e+02 +1.614205e+03
-4.111744e+02 +1.659660e+03
-4.019047e+02 +1.704081e+03
-3.924007e+02 +1.747474e+03
-6.153931e+02 +0.000000e+00
-6.152085e+02 +6.029161e+01
-6.146509e+02 +1.205689e+02
-6.137273e+02 +1.807404e+02
-6.124428e+02 +2.408372e+02
-6.107867e+02 +3.007556e+02
-6.087655e+02 +3.605112e+02
-6.063746e+02 +4.200409e+02
-6.035959e+02 +4.793254e+02
-6.004544e+02 +5.383245e+02
-5.969655e+02 +5.970065e+02
-5.931210e+02 +6.552959e+02
-5.889164e+02 +7.132234e+02
-5.843524e+02 +7.707014e+02
-5.794437e+02 +8.277308e+02
-5.741852e+02 +8.842425e+02
-5.685817e+02 +9.402295e+02
-5.626377e+02 +9.956466e+02
-5.563431e+02 +1.050475e+03
-5.497057e+02 +1.104686e+03
-5.427405e+02 +1.158215e+03
-5.354578e+02 +1.211044e+03
-5.278515e+02 +1.263154e+03
-5.199233e+02 +1.314477e+03
-5.116905e+02 +1.365037e+03
-5.031529e+02 +1.414752e+03
-4.943045e+02 +1.463624e+03
-4.851589e+02 +1.511605e+03
-4.757212e+02 +1.558704e+03
-4.659890e+02 +1.604828e+03
-4.559868e+02 +1.650008e+03
-4.457200e+02 +1.694170e+03
-4.351695e+02 +1.737318e+03
-6.755446e+02 +0.000000e+00
-6.753385e+02 +5.990463e+01
-6.747244e+02 +1.197951e+02
-6.737068e+02 +1.795695e+02
-6.722832e+02 +2.392792e+02
-6.704573e+02 +2.988108e+02
-6.682312e+02 +3.581750e+02
-6.655951e+02 +4.173375e+02
-6.625536e+02 +4.762500e+02
-6.591195e+02 +5.348511e+02
-6.552948e+02 +5.931517e+02
-6.510688e+02 +6.510706e+02
-6.464454e+02 +7.086272e+02
-6.414379e+02 +7.657313e+02
-6.360438e+02 +8.223892e+02
-6.302707e+02 +8.785369e+02
-6.241200e+02 +9.341593e+02
-6.175813e+02 +9.892327e+02
-6.106667e+02 +1.043710e+03
-6.033937e+02 +1.097568e+03
-5.957601e+02 +1.150749e+03
-5.877672e+02 +1.203231e+03
-5.794186e+02 +1.255014e+03
-5.707185e+02 +1.306004e+03
-5.616740e+02 +1.356231e+03
-5.522920e+02 +1.405628e+03
-5.425815e+02 +1.454186e+03
-5.325434e+02 +1.501856e+03
-5.221787e+02 +1.548658e+03
-5.115044e+02 +1.594481e+03
-5.005303e+02 +1.639354e+03
-4.892475e+02 +1.683244e+03
-4.776679e+02 +1.726119e+03
-7.352144e+02 +0.000000e+00
-7.349924e+02 +5.948287e+01
-7.343364e+02 +1.189381e+02
-7.332363e+02 +1.782978e+02
-7.316918e+02 +2.375776e+02
-7.297070e+02 +2.966903e+02
-7.272664e+02 +3.556425e+02
-7.243921e+02 +4.143795e+02
-7.210938e+02 +4.728724e+02
-7.173632e+02 +5.310509e+02
-7.131965e+02 +5.889425e+02
-7.085946e+02 +6.464584e+02
-7.035719e+02 +7.035980e+02
-6.981251e+02 +7.603010e+02
-6.922615e+02 +8.165494e+02
-6.859836e+02 +8.722997e+02
-6.792811e+02 +9.275359e+02
-6.721620e+02 +9.822300e+02
-6.646382e+02 +1.036313e+03
-6.567203e+02 +1.089781e+03
-6.484042e+02 +1.142592e+03
-6.396972e+02 +1.194696e+03
-6.306143e+02 +1.246110e+03
-6.211511e+02 +1.296743e+03
-6.113129e+02 +1.346610e+03
-6.011127e+02 +1.395654e+03
-5.905410e+02 +1.443876e+03
-5.796029e+02 +1.491210e+03
-5.683302e+02 +1.537670e+03
-5.567221e+02 +1.583166e+03
-5.447713e+02 +1.627722e+03
-5.324918e+02 +1.671307e+03
-5.198831e+02 +1.713881e+03
-7.945021e+02 +0.000000e+00
-7.942648e+02 +5.902066e+01
-7.935524e+02 +1.180049e+02
-7.923570e+02 +1.769221e+02
-7.906864e+02 +2.357259e+02
-7.885349e+02 +2.944018e+02
-7.859004e+02 +3.529005e+02
-7.828022e+02 +4.111654e+02
-7.792386e+02 +4.692040e+02
-7.751992e+02 +5.269374e+02
-7.706886e+02 +5.843831e+02
-7.657191e+02 +6.414515e+02
-7.602874e+02 +6.981453e+02
-7.544025e+02 +7.544078e+02
-7.480658e+02 +8.102154e+02
-7.412653e+02 +8.655496e+02
-7.340134e+02 +9.203585e+02
-7.263278e+02 +9.746274e+02
-7.182078e+02 +1.028290e+03
-7.096570e+02 +1.081338e+03
-7.006785e+02 +1.133749e+03
-6.912744e+02 +1.185444e+03
-6.814516e+02 +1.236458e+03
-6.712192e+02 +1.286700e+03
-6.605887e+02 +1.336174e+03
-6.495571e+02 +1.384841e+03
-6.381284e+02 +1.432702e+03
-6.263217e+02 +1.479662e+03
-6.141412e+02 +1.525751e+03
-6.015884e+02 +1.570901e+03
-5.886790e+02 +1.615107e+03
-5.754064e+02 +1.658368e+03
-5.617779e+02 +1.700617e+03
-8.532825e+02 +0.000000e+00
-8.530259e+02 +5.852194e+01
-8.522530e+02 +1.170118e+02
-8.509659e+02 +1.754380e+02
-8.491614e+02 +2.337454e+02
-8.468481e+02 +2.919319e+02
-8.440352e+02 +3.499324e+02
-8.407137e+02 +4.077042e+02
-8.368801e+02 +4.652573e+02
-8.325374e+02 +5.225143e+02
-8.277007e+02 +5.794646e+02
-8.223674e+02 +6.360584e+02
-8.165415e+02 +6.922683e+02
-8.102260e+02 +7.480577e+02
-8.034121e+02 +8.034038e+02
-7.961082e+02 +8.582841e+02
-7.883239e+02 +9.126266e+02
-7.800685e+02 +9.664327e+02
-7.713392e+02 +1.019651e+03
-7.621466e+02 +1.072243e+03
-7.525029e+02 +1.124216e+03
-7.424032e+02 +1.175480e+03
-7.318619e+02 +1.226058e+03
-7.208881e+02 +1.275875e+03
-7.094672e+02 +1.324942e+03
-6.976105e+02 +1.373202e+03
-6.853435e+02 +1.420654e+03
-6.726645e+02 +1.467219e+03
-6.595850e+02 +1.512913e+03
-6.461134e+02 +1.557687e+03
-6.322350e+02 +1.601530e+03
-6.179686e+02 +1.644435e+03
-6.033426e+02 +1.686317e+03
-9.115642e+02 +0.000000e+00
-9.112851e+02 +5.799461e+01
-9.104579e+02 +1.159506e+02
-9.090843e+02 +1.738477e+02
-9.071583e+02 +2.316336e+02
-9.046931e+02 +2.892737e+02
-9.016904e+02 +3.467476e+02
-8.981358e+02 +4.040033e+02
-8.940355e+02 +4.610353e+02
-8.894022e+02 +5.177704e+02
-8.842333e+02 +5.741977e+02
-8.785350e+02 +6.302780e+02
-8.723099e+02 +6.859717e+02
-8.655469e+02 +7.412702e+02
-8.582564e+02 +7.961144e+02
-8.504570e+02 +8.504936e+02
-8.421489e+02 +9.043424e+02
-8.333364e+02 +9.576536e+02
-8.240228e+02 +1.010398e+03
-8.142090e+02 +1.062505e+03
-8.039011e+02 +1.114009e+03
-7.931104e+02 +1.164806e+03
-7.818487e+02 +1.214913e+03
-7.701116e+02 +1.264286e+03
-7.579062e+02 +1.312917e+03
-7.452495e+02 +1.360732e+03
-7.321426e+02 +1.407751e+03
-7.185981e+02 +1.453890e+03
-7.046298e+02 +1.499158e+03
-6.902241e+02 +1.543544e+03
-6.753963e+02 +1.586994e+03
-6.601713e+02 +1.629502e+03
-6.445470e+02 +1.671000e+03
-9.692704e+02 +0.000000e+00
-9.689764e+02 +5.743482e+01
-9.680960e+02 +1.148198e+02
-9.666350e+02 +1.721517e+02
-9.645967e+02 +2.293729e+02
-9.619764e+02 +2.864439e+02
-9.587719e+02 +3.433596e+02
-9.549865e+02 +4.000652e+02
-9.506356e+02 +4.565260e+02
-9.457161e+02 +5.127116e+02
-9.402255e+02 +5.685840e+02
-9.341697e+02 +6.241159e+02
-9.275417e+02 +6.792733e+02
-9.203503e+02 +7.340410e+02
-9.126046e+02 +7.883462e+02
-9.043117e+02 +8.421872e+02
-8.954697e+02 +8.955179e+02
-8.860895e+02 +9.482964e+02
-8.761822e+02 +1.000530e+03
-8.657434e+02 +1.052131e+03
-8.547919e+02 +1.103124e+03
-8.433338e+02 +1.153423e+03
-8.313554e+02 +1.203048e+03
-8.188712e+02 +1.251941e+03
-8.058975e+02 +1.300095e+03
-7.924350e+02 +1.347444e+03
-7.785076e+02 +1.393992e+03
-7.641187e+02 +1.439681e+03
-7.492511e+02 +1.484515e+03
-7.339272e+02 +1.528477e+03
-7.181645e+02 +1.571495e+03
-7.019682e+02 +1.613587e+03
-6.853597e+02 +1.654672e+03
-1.026395e+03 +0.000000e+00
-1.026090e+03 +5.683106e+01
-1.025165e+03 +1.136239e+02
-1.023622e+03 +1.703445e+02
-1.021468e+03 +2.269674e+02
-1.018691e+03 +2.834494e+02
-1.015295e+03 +3.397712e+02
-1.011294e+03 +3.958784e+02
-1.006686e+03 +4.517402e+02
-1.001472e+03 +5.073425e+02
-9.956548e+02 +5.626259e+02
-9.892279e+02 +6.175900e+02
-9.821981e+02 +6.721731e+02
-9.745849e+02 +7.263612e+02
-9.663896e+02 +7.800994e+02
-9.576145e+02 +8.333707e+02
-9.482638e+02 +8.861527e+02
-9.383380e+02 +9.383718e+02
-9.278431e+02 +9.900636e+02
-9.167910e+02 +1.041122e+03
-9.051935e+02 +1.091567e+03
-8.930458e+02 +1.141351e+03
-8.803572e+02 +1.190461e+03
-8.671415e+02 +1.238839e+03
-8.533992e+02 +1.286492e+03
-8.391504e+02 +1.333338e+03
-8.244050e+02 +1.379385e+03
-8.091501e+02 +1.424615e+03
-7.934051e+02 +1.468982e+03
-7.771848e+02 +1.512485e+03
-7.604928e+02 +1.555052e+03
-7.433561e+02 +1.596691e+03
-7.257723e+02 +1.637347e+03
-1.082901e+03 +0.000000e+00
-1.082579e+03 +5.618727e+01
-1.081606e+03 +1.123547e+02
-1.079979e+03 +1.684346e+02
-1.077699e+03 +2.244275e+02
-1.074768e+03 +2.802858e+02
-1.071197e+03 +3.359674e+02
-1.066984e+03 +3.914474e+02
-1.062122e+03 +4.466888e+02
-1.056619e+03 +5.016675e+02
-1.050473e+03 +5.563405e+02
-1.043691e+03 +6.106959e+02
-1.036282e+03 +6.646677e+02
-1.028252e+03 +7.182408e+02
-1.019598e+03 +7.713867e+02
-1.010330e+03 +8.240512e+02
-1.000460e+03 +8.762471e+02
-9.899833e+02 +9.278859e+02
-9.789194e+02 +9.789915e+02
-9.672734e+02 +1.029478e+03
-9.550336e+02 +1.079364e+03
-9.422157e+02 +1.128594e+03
-9.288303e+02 +1.177155e+03
-9.148801e+02 +1.224995e+03
-9.003948e+02 +1.272102e+03
-8.853743e+02 +1.318423e+03
-8.698055e+02 +1.363962e+03
-8.537103e+02 +1.408694e+03
-8.370958e+02 +1.452564e+03
-8.199740e+02 +1.495582e+03
-8.023732e+02 +1.537661e+03
-7.842911e+02 +1.578832e+03
-7.657262e+02 +1.619045e+03
-1.138790e+03 +0.000000e+00
-1.138445e+03 +5.551685e+01
-1.137417e+03 +1.110114e+02
-1.135704e+03 +1.664306e+02
-1.133301e+03 +2.217573e+02
-1.130223e+03 +2.769461e+02
-1.126467e+03 +3.319565e+02
-1.122029e+03 +3.867848e+02
-1.116911e+03 +4.413695e+02
-1.111115e+03 +4.956996e+02
-1.104644e+03 +5.497277e+02
-1.097515e+03 +6.034246e+02
-1.089733e+03 +6.567559e+02
-1.081295e+03 +7.096859e+02
-1.072205e+03 +7.622080e+02
-1.062466e+03 +8.142392e+02
-1.052084e+03 +8.658174e+02
-1.041069e+03 +9.168394e+02
-1.029435e+03 +9.673221e+02
-1.017176e+03 +1.017219e+03
-1.004301e+03 +1.066513e+03
-9.908231e+02 +1.115156e+03
-9.767430e+02 +1.163145e+03
-9.620838e+02 +1.210405e+03
-9.468529e+02 +1.256937e+03
-9.310404e+02 +1.302724e+03
-9.146666e+02 +1.347718e+03
-8.977389e+02 +1.391926e+03
-8.802667e+02 +1.435275e+03
-8.622804e+02 +1.477766e+03
-8.437750e+02 +1.519343e+03
-8.247546e+02 +1.560029e+03
-8.052355e+02 +1.599770e+03
-1.193982e+03 +0.000000e+00
-1.193618e+03 +5.482122e+01
-1.192535e+03 +1.096035e+02
-1.190735e+03 +1.643295e+02
-1.188223e+03 +2.189494e+02
-1.184998e+03 +2.734359e+02
-1.181050e+03 +3.277594e+02
-1.176388e+03 +3.818924e+02
-1.171017e+03 +4.357912e+02
-1.164940e+03 +4.894356e+02
-1.158165e+03 +5.427804e+02
-1.150695e+03 +5.957868e+02
-1.142528e+03 +6.484510e+02
-1.133671e+03 +7.007038e+02
-1.124139e+03 +7.525622e+02
-1.113926e+03 +8.039404e+02
-1.103049e+03 +8.548574e+02
-1.091514e+03 +9.052338e+02
-1.079311e+03 +9.550811e+02
-1.066456e+03 +1.004351e+03
-1.052958e+03 +1.053021e+03
-1.038820e+03 +1.101051e+03
-1.024073e+03 +1.148419e+03
-1.008715e+03 +1.195079e+03
-9.927387e+02 +1.241028e+03
-9.761632e+02 +1.286241e+03
-9.589897e+02 +1.330670e+03
-9.412349e+02 +1.374322e+03
-9.229285e+02 +1.417108e+03
-9.040666e+02 +1.459059e+03
-8.846547e+02 +1.500117e+03
-8.647128e+02 +1.540284e+03
-8.442408e+02 +1.579538e+03
-1.248432e+03 +0.000000e+00
-1.248057e+03 +5.408939e+01
-1.246927e+03 +1.081352e+02
-1.245047e+03 +1.621264e+02
-1.242420e+03 +2.160060e+02
-1.239039e+03 +2.697698e+02
-1.234907e+03 +3.233714e+02
-1.230031e+03 +3.767732e+02
-1.224413e+03 +4.299549e+02
-1.218065e+03 +4.828670e+02
-1.210991e+03 +5.354969e+02
-1.203186e+03 +5.877907e+02
-1.194653e+03 +6.397558e+02
-1.185398e+03 +6.913030e+02
-1.175427e+03 +7.424659e+02
-1.164749e+03 +7.931559e+02
-1.153378e+03 +8.433741e+02
-1.141306e+03 +8.930878e+02
-1.128544e+03 +9.422677e+02
-1.115103e+03 +9.908749e+02
-1.100985e+03 +1.038899e+03
-1.086214e+03 +1.086274e+03
-1.070795e+03 +1.132993e+03
-1.054722e+03 +1.179043e+03
-1.038013e+03 +1.224371e+03
-1.020673e+03 +1.268989e+03
-1.002715e+03 +1.312824e+03
-9.841686e+02 +1.355875e+03
-9.650299e+02 +1.398087e+03
-9.453087e+02 +1.439475e+03
-9.250170e+02 +1.479988e+03
-9.041541e+02 +1.519622e+03
-8.827449e+02 +1.558354e+03
-1.302114e+03 +0.000000e+00
-1.301726e+03 +5.331676e+01
-1.300553e+03 +1.066021e+02
-1.298595e+03 +1.598214e+02
-1.295847e+03 +2.129438e+02
-1.292315e+03 +2.659451e+02
-1.288010e+03 +3.187842e+02
-1.282931e+03 +3.714261e+02
-1.277082e+03 +4.238533e+02
-1.270464e+03 +4.760046e+02
-1.263077e+03 +5.278917e+02
-1.254928e+03 +5.794421e+02
-1.246029e+03 +6.306658e+02
-1.236378e+03 +6.814883e+02
-1.225985e+03 +7.319167e+02
-1.214860e+03 +7.818868e+02
-1.202992e+03 +8.313952e+02
-1.190396e+03 +8.804069e+02
-1.177085e+03 +9.288867e+02
-1.163060e+03 +9.768077e+02
-1.148350e+03 +1.024135e+03
-1.132956e+03 +1.070836e+03
-1.116868e+03 +1.116897e+03
-1.100107e+03 +1.162297e+03
-1.082672e+03 +1.206987e+03
-1.064581e+03 +1.250975e+03
-1.045864e+03 +1.294174e+03
-1.026516e+03 +1.336611e+03
-1.006547e+03 +1.378227e+03
-9.859749e+02 +1.419022e+03
-9.647972e+02 +1.458977e+03
-9.430384e+02 +1.498045e+03
-9.207182e+02 +1.536226e+03
-1.355032e+03 +0.000000e+00
-1.354623e+03 +5.251319e+01
-1.353399e+03 +1.050016e+02
-1.351360e+03 +1.574218e+02
-1.348501e+03 +2.097590e+02
-1.344832e+03 +2.619540e+02
-1.340358e+03 +3.140009e+02
-1.335078e+03 +3.658478e+02
-1.328999e+03 +4.174865e+02
-1.322115e+03 +4.688590e+02
-1.314429e+03 +5.199725e+02
-1.305950e+03 +5.707470e+02
-1.296685e+03 +6.211965e+02
-1.286641e+03 +6.712621e+02
-1.275827e+03 +7.209182e+02
-1.264242e+03 +7.701513e+02
-1.251889e+03 +8.189205e+02
-1.238784e+03 +8.671924e+02
-1.224930e+03 +9.149513e+02
-1.210345e+03 +9.621430e+02
-1.195039e+03 +1.008748e+03
-1.179002e+03 +1.054762e+03
-1.162256e+03 +1.100127e+03
-1.144803e+03 +1.144857e+03
-1.126657e+03 +1.188880e+03
-1.107848e+03 +1.232192e+03
-1.088371e+03 +1.274744e+03
-1.068241e+03 +1.316540e+03
-1.047468e+03 +1.357537e+03
-1.026049e+03 +1.397727e+03
-1.004011e+03 +1.437089e+03
-9.813665e+02 +1.475565e+03
-9.581293e+02 +1.513173e+03
-1.407128e+03 +0.000000e+00
-1.406701e+03 +5.168459e+01
-1.405425e+03 +1.033399e+02
-1.403303e+03 +1.549305e+02
-1.400343e+03 +2.064361e+02
-1.396543e+03 +2.578007e+02
-1.391899e+03 +3.090256e+02
-1.386414e+03 +3.600481e+02
-1.380093e+03 +4.108691e+02
-1.372937e+03 +4.614339e+02
-1.364961e+03 +5.117315e+02
-1.356163e+03 +5.617087e+02
-1.346545e+03 +6.113537e+02
-1.336121e+03 +6.606254e+02
-1.324883e+03 +7.094984e+02
-1.312842e+03 +7.579562e+02
-1.300016e+03 +8.059487e+02
-1.286405e+03 +8.534598e+02
-1.272031e+03 +9.004489e+02
-1.256899e+03 +9.468907e+02
-1.240998e+03 +9.927641e+02
-1.224349e+03 +1.038053e+03
-1.206952e+03 +1.082706e+03
-1.188825e+03 +1.126730e+03
-1.169995e+03 +1.170043e+03
-1.150459e+03 +1.212667e+03
-1.130231e+03 +1.254547e+03
-1.109322e+03 +1.295676e+03
-1.087733e+03 +1.336041e+03
-1.065490e+03 +1.375590e+03
-1.042610e+03 +1.414329e+03
-1.019096e+03 +1.452202e+03
-9.949781e+02 +1.489201e+03
-1.458397e+03 +0.000000e+00
-1.457958e+03 +5.082412e+01
-1.456639e+03 +1.016181e+02
-1.454444e+03 +1.523436e+02
-1.451378e+03 +2.029807e+02
-1.447437e+03 +2.534933e+02
-1.442622e+03 +3.038616e+02
-1.436936e+03 +3.540373e+02
-1.430380e+03 +4.040117e+02
-1.422962e+03 +4.537320e+02
-1.414692e+03 +5.031789e+02
-1.405571e+03 +5.523312e+02
-1.395606e+03 +6.011364e+02
-1.384799e+03 +6.495938e+02
-1.373149e+03 +6.976597e+02
-1.360676e+03 +7.452994e+02
-1.347382e+03 +7.924948e+02
-1.333283e+03 +8.392057e+02
-1.318387e+03 +8.853969e+02
-1.302685e+03 +9.310794e+02
-1.286198e+03 +9.761835e+02
-1.268932e+03 +1.020725e+03
-1.250898e+03 +1.064637e+03
-1.232126e+03 +1.107910e+03
-1.212612e+03 +1.150502e+03
-1.192370e+03 +1.192409e+03
-1.171411e+03 +1.233594e+03
-1.149732e+03 +1.274044e+03
-1.127360e+03 +1.313740e+03
-1.104305e+03 +1.352627e+03
-1.080581e+03 +1.390719e+03
-1.056217e+03 +1.427955e+03
-1.031220e+03 +1.464329e+03
-1.508771e+03 +0.000000e+00
-1.508319e+03 +4.992796e+01
-1.506962e+03 +9.982810e+01
-1.504697e+03 +1.496624e+02
-1.501519e+03 +1.994093e+02
-1.497434e+03 +2.490376e+02
-1.492448e+03 +2.985157e+02
-1.486563e+03 +3.478162e+02
-1.479787e+03 +3.969064e+02
-1.472121e+03 +4.457548e+02
-1.463562e+03 +4.943309e+02
-1.454125e+03 +5.426169e+02
-1.443807e+03 +5.905665e+02
-1.432614e+03 +6.381769e+02
-1.420568e+03 +6.853908e+02
-1.407667e+03 +7.321950e+02
-1.393926e+03 +7.785511e+02
-1.379353e+03 +8.244370e+02
-1.363935e+03 +8.698266e+02
-1.347694e+03 +9.147077e+02
-1.330633e+03 +9.590248e+02
-1.312768e+03 +1.002785e+03
-1.294126e+03 +1.045913e+03
-1.274704e+03 +1.088422e+03
-1.254513e+03 +1.130268e+03
-1.233566e+03 +1.171432e+03
-1.211865e+03 +1.211910e+03
-1.189434e+03 +1.251645e+03
-1.166291e+03 +1.290644e+03
-1.142441e+03 +1.328854e+03
-1.117912e+03 +1.366263e+03
-1.092710e+03 +1.402847e+03
-1.066850e+03 +1.438575e+03
-1.558258e+03 +0.000000e+00
-1.557789e+03 +4.900237e+01
-1.556383e+03 +9.797448e+01
-1.554039e+03 +1.468936e+02
-1.550754e+03 +1.957231e+02
-1.546535e+03 +2.444339e+02
-1.541385e+03 +2.929942e+02
-1.535307e+03 +3.413839e+02
-1.528311e+03 +3.895546e+02
-1.520395e+03 +4.375077e+02
-1.511561e+03 +4.851846e+02
-1.501815e+03 +5.325764e+02
-1.491156e+03 +5.796515e+02
-1.479604e+03 +6.263691e+02
-1.467165e+03 +6.727081e+02
-1.453842e+03 +7.186460e+02
-1.439650e+03 +7.641310e+02
-1.424579e+03 +8.091847e+02
-1.408647e+03 +8.537348e+02
-1.391866e+03 +8.977879e+02
-1.374243e+03 +9.412921e+02
-1.355808e+03 +9.842247e+02
-1.336556e+03 +1.026558e+03
-1.316501e+03 +1.068276e+03
-1.295653e+03 +1.109353e+03
-1.274012e+03 +1.149763e+03
-1.251604e+03 +1.189496e+03
-1.228437e+03 +1.228496e+03
-1.204526e+03 +1.266773e+03
-1.179899e+03 +1.304272e+03
-1.154563e+03 +1.340983e+03
-1.128538e+03 +1.376889e+03
-1.101837e+03 +1.411952e+03
-1.606796e+03 +0.000000e+00
-1.606310e+03 +4.805138e+01
-1.604852e+03 +9.607083e+01
-1.602427e+03 +1.440394e+02
-1.599043e+03 +1.919164e+02
-1.594697e+03 +2.396807e+02
-1.589390e+03 +2.872960e+02
-1.583127e+03 +3.347419e+02
-1.575905e+03 +3.819771e+02
-1.567733e+03 +4.289963e+02
-1.558620e+03 +4.757459e+02
-1.548563e+03 +5.222209e+02
-1.537584e+03 +5.683728e+02
-1.525683e+03 +6.141806e+02
-1.512863e+03 +6.596157e+02
-1.499137e+03 +7.046550e+02
-1.484494e+03 +7.492690e+02
-1.468952e+03 +7.934477e+02
-1.452524e+03 +8.371338e+02
-1.435219e+03 +8.803312e+02
-1.417062e+03 +9.229772e+02
-1.398053e+03 +9.650716e+02
-1.378197e+03 +1.006587e+03
-1.357511e+03 +1.047487e+03
-1.335996e+03 +1.087781e+03
-1.313677e+03 +1.127402e+03
-1.290570e+03 +1.166361e+03
-1.266682e+03 +1.204611e+03
-1.242041e+03 +1.242131e+03
-1.216652e+03 +1.278903e+03
-1.190531e+03 +1.314894e+03
-1.163698e+03 +1.350096e+03
-1.136157e+03 +1.384485e+03
-1.654351e+03 +0.000000e+00
-1.653853e+03 +4.707089e+01
-1.652356e+03 +9.411357e+01
-1.649865e+03 +1.410964e+02
-1.646384e+03 +1.879908e+02
-1.641912e+03 +2.347799e+02
-1.636452e+03 +2.814191e+02
-1.630007e+03 +3.278968e+02
-1.622574e+03 +3.741767e+02
-1.614162e+03 +4.202259e+02
-1.604776e+03 +4.660285e+02
-1.594426e+03 +5.115460e+02
-1.583123e+03 +5.567449e+02
-1.570863e+03 +6.016244e+02
-1.557659e+03 +6.461206e+02
-1.543508e+03 +6.902526e+02
-1.528421e+03 +7.339607e+02
-1.512419e+03 +7.772301e+02
-1.495504e+03 +8.200316e+02
-1.477702e+03 +8.623280e+02
-1.459010e+03 +9.041056e+02
-1.439437e+03 +9.453383e+02
-1.418999e+03 +9.860081e+02
-1.397693e+03 +1.026082e+03
-1.375546e+03 +1.065553e+03
-1.352567e+03 +1.104366e+03
-1.328769e+03 +1.142528e+03
-1.304180e+03 +1.179991e+03
-1.278805e+03 +1.216739e+03
-1.252667e+03 +1.252758e+03
-1.225779e+03 +1.288009e+03
-1.198147e+03 +1.322496e+03
-1.169792e+03 +1.356186e+03
-1.700898e+03 +0.000000e+00
-1.700387e+03 +4.605885e+01
-1.698856e+03 +9.209106e+01
-1.696301e+03 +1.380650e+02
-1.692720e+03 +1.839543e+02
-1.688118e+03 +2.297370e+02
-1.682498e+03 +2.753755e+02
-1.675863e+03 +3.208568e+02
-1.668225e+03 +3.661410e+02
-1.659582e+03 +4.112045e+02
-1.649943e+03 +4.560198e+02
-1.639317e+03 +5.005546e+02
-1.627695e+03 +5.447889e+02
-1.615094e+03 +5.887002e+02
-1.601510e+03 +6.322540e+02
-1.586956e+03 +6.754408e+02
-1.571451e+03 +7.182070e+02
-1.554999e+03 +7.605479e+02
-1.537621e+03 +8.024205e+02
-1.519318e+03 +8.438050e+02
-1.500092e+03 +8.846951e+02
-1.479962e+03 +9.250367e+02
-1.458931e+03 +9.648461e+02
-1.437020e+03 +1.004060e+03
-1.414249e+03 +1.042678e+03
-1.390623e+03 +1.080668e+03
-1.366169e+03 +1.117998e+03
-1.340894e+03 +1.154659e+03
-1.314811e+03 +1.190613e+03
-1.287941e+03 +1.225852e+03
-1.260288e+03 +1.260355e+03
-1.231874e+03 +1.294101e+03
-1.202716e+03 +1.327072e+03
-1.746478e+03 +0.000000e+00
-1.745952e+03 +4.501918e+01
-1.744376e+03 +9.000877e+01
-1.741751e+03 +1.349503e+02
-1.738073e+03 +1.798094e+02
-1.733348e+03 +2.245571e+02
-1.727574e+03 +2.691749e+02
-1.720760e+03 +3.136244e+02
-1.712914e+03 +3.578833e+02
-1.704037e+03 +4.019345e+02
-1.694139e+03 +4.457262e+02
-1.683216e+03 +4.892689e+02
-1.671276e+03 +5.325053e+02
-1.658324e+03 +5.754299e+02
-1.644369e+03 +6.180137e+02
-1.629432e+03 +6.602125e+02
-1.613515e+03 +7.020217e+02
-1.596634e+03 +7.433942e+02
-1.578794e+03 +7.843240e+02
-1.559994e+03 +8.247805e+02
-1.540258e+03 +8.647487e+02
-1.519583e+03 +9.041919e+02
-1.497993e+03 +9.431029e+02
-1.475500e+03 +9.814340e+02
-1.452114e+03 +1.019181e+03
-1.427861e+03 +1.056309e+03
-1.402749e+03 +1.092793e+03
-1.376797e+03 +1.128625e+03
-1.350022e+03 +1.163765e+03
-1.322427e+03 +1.198215e+03
-1.294034e+03 +1.231943e+03
-1.264857e+03 +1.264931e+03
-1.234916e+03 +1.297161e+03
-1.790962e+03 +0.000000e+00
-1.790422e+03 +4.395418e+01
-1.788801e+03 +8.787961e+01
-1.786101e+03 +1.317566e+02
-1.782332e+03 +1.755527e+02
-1.777489e+03 +2.192428e+02
-1.771579e+03 +2.628037e+02
-1.764605e+03 +3.061995e+02
-1.756563e+03 +3.494132e+02
-1.747467e+03 +3.924145e+02
-1.737310e+03 +4.351794e+02
-1.726103e+03 +4.776906e+02
-1.713855e+03 +5.199093e+02
-1.700570e+03 +5.618223e+02
-1.686270e+03 +6.033885e+02
-1.670957e+03 +6.445880e+02
-1.654641e+03 +6.854028e+02
-1.637330e+03 +7.257920e+02
-1.619022e+03 +7.657655e+02
-1.599737e+03 +8.052611e+02
-1.579482e+03 +8.442906e+02
-1.558275e+03 +8.828042e+02
-1.536137e+03 +9.207850e+02
-1.513072e+03 +9.582188e+02
-1.489103e+03 +9.950607e+02
-1.464240e+03 +1.031311e+03
-1.438494e+03 +1.066930e+03
-1.411886e+03 +1.101907e+03
-1.384419e+03 +1.136224e+03
-1.356118e+03 +1.169857e+03
-1.326996e+03 +1.202791e+03
-1.297074e+03 +1.235001e+03
-1.266377e+03 +1.266462e+03
