+0.000000e+00 +1.791013e+03
+0.000000e+00 +1.834414e+03
+0.000000e+00 +1.876722e+03
+0.000000e+00 +1.917913e+03
+0.000000e+00 +1.957915e+03
+0.000000e+00 +1.996779e+03
+0.000000e+00 +2.034428e+03
+0.000000e+00 +2.070847e+03
+0.000000e+00 +2.105996e+03
+0.000000e+00 +2.139899e+03
+0.000000e+00 +2.172553e+03
+0.000000e+00 +2.203849e+03
+0.000000e+00 +2.233798e+03
+0.000000e+00 +2.262404e+03
+0.000000e+00 +2.289664e+03
+0.000000e+00 +2.315581e+03
+0.000000e+00 +2.340089e+03
+0.000000e+00 +2.363169e+03
+0.000000e+00 +2.384830e+03
+0.000000e+00 +2.405054e+03
+0.000000e+00 +2.423838e+03
+0.000000e+00 +2.441160e+03
+0.000000e+00 +2.457001e+03
+0.000000e+00 +2.471372e+03
+0.000000e+00 +2.484260e+03
+0.000000e+00 +2.495631e+03
+0.000000e+00 +2.505490e+03
+0.000000e+00 +2.513846e+03
+0.000000e+00 +2.520680e+03
+0.000000e+00 +2.525994e+03
+0.000000e+00 +2.529818e+03
+0.000000e+00 +2.532147e+03
+0.000000e+00 +2.532934e+03
-4.395189e+01 +1.790474e+03
-4.285949e+01 +1.833862e+03
-4.174226e+01 +1.876156e+03
-4.059950e+01 +1.917335e+03
-3.943197e+01 +1.957325e+03
-3.824126e+01 +1.996178e+03
-3.702625e+01 +2.033816e+03
-3.578887e+01 +2.070223e+03
-3.453228e+01 +2.105361e+03
-3.325426e+01 +2.139255e+03
-3.195329e+01 +2.171901e+03
-3.063414e+01 +2.203185e+03
-2.929982e+01 +2.233123e+03
-2.794726e+01 +2.261723e+03
-2.657520e+01 +2.288976e+03
-2.518661e+01 +2.314884e+03
-2.378453e+01 +2.339383e+03
-2.236946e+01 +2.362457e+03
-2.093961e+01 +2.384113e+03
-1.949594e+01 +2.404330e+03
-1.804213e+01 +2.423107e+03
-1.657815e+01 +2.440425e+03
-1.510278e+01 +2.456261e+03
-1.361816e+01 +2.470628e+03
-1.212650e+01 +2.483511e+03
-1.062760e+01 +2.494879e+03
-9.121219e+00 +2.504736e+03
-7.608848e+00 +2.513089e+03
-6.092406e+00 +2.519920e+03
-4.572594e+00 +2.525233e+03
-3.049763e+00 +2.529056e+03
-1.525134e+00 +2.531384e+03
+1.676079e-10 +2.532170e+03
-8.787957e+01 +1.788860e+03
-8.569029e+01 +1.832207e+03
-8.345667e+01 +1.874457e+03
-8.117841e+01 +1.915600e+03
-7.884261e+01 +1.955561e+03
-7.645348e+01 +1.994377e+03
-7.402764e+01 +2.031975e+03
-7.156255e+01 +2.068350e+03
-6.904553e+01 +2.103461e+03
-6.648338e+01 +2.137323e+03
-6.388730e+01 +2.169938e+03
-6.125337e+01 +2.201194e+03
-5.858097e+01 +2.231103e+03
-5.587550e+01 +2.259677e+03
-5.313508e+01 +2.286909e+03
-5.035950e+01 +2.312795e+03
-4.755484e+01 +2.337268e+03
-4.472408e+01 +2.360320e+03
-4.186627e+01 +2.381959e+03
-3.898145e+01 +2.402158e+03
-3.607335e+01 +2.420916e+03
-3.314546e+01 +2.438218e+03
-3.019677e+01 +2.454043e+03
-2.722842e+01 +2.468396e+03
-2.424550e+01 +2.481265e+03
-2.124879e+01 +2.492624e+03
-1.823696e+01 +2.502474e+03
-1.521310e+01 +2.510819e+03
-1.218123e+01 +2.517643e+03
-9.142448e+00 +2.522952e+03
-6.097613e+00 +2.526771e+03
-3.049301e+00 +2.529097e+03
-2.069125e-10 +2.529882e+03
-1.317499e+02 +1.786168e+03
-1.284755e+02 +1.829450e+03
-1.251259e+02 +1.871627e+03
-1.217014e+02 +1.912711e+03
-1.182013e+02 +1.952620e+03
-1.146302e+02 +1.991375e+03
-1.109889e+02 +2.028910e+03
-1.072822e+02 +2.065230e+03
-1.035145e+02 +2.100294e+03
-9.968076e+01 +2.134107e+03
-9.578157e+01 +2.166669e+03
-9.183026e+01 +2.197875e+03
-8.783061e+01 +2.227737e+03
-8.377337e+01 +2.256272e+03
-7.965993e+01 +2.283466e+03
-7.549990e+01 +2.309312e+03
-7.129753e+01 +2.333745e+03
-6.705380e+01 +2.356761e+03
-6.276749e+01 +2.378371e+03
-5.844151e+01 +2.398540e+03
-5.408355e+01 +2.417265e+03
-4.969401e+01 +2.434542e+03
-4.527151e+01 +2.450346e+03
-4.082207e+01 +2.464676e+03
-3.635065e+01 +2.477523e+03
-3.185695e+01 +2.488867e+03
-2.734143e+01 +2.498705e+03
-2.280843e+01 +2.507037e+03
-1.826285e+01 +2.513849e+03
-1.370674e+01 +2.519150e+03
-9.141690e+00 +2.522965e+03
-4.571534e+00 +2.525286e+03
-1.446608e-10 +2.526068e+03
-1.755422e+02 +1.782395e+03
-1.711823e+02 +1.825589e+03
-1.667167e+02 +1.867673e+03
-1.621544e+02 +1.908671e+03
-1.574919e+02 +1.948500e+03
-1.527276e+02 +1.987175e+03
-1.478787e+02 +2.024623e+03
-1.429501e+02 +2.060863e+03
-1.379246e+02 +2.095863e+03
-1.328071e+02 +2.129607e+03
-1.276191e+02 +2.162095e+03
-1.223596e+02 +2.193230e+03
-1.170234e+02 +2.223030e+03
-1.116162e+02 +2.251509e+03
-1.061397e+02 +2.278648e+03
-1.005977e+02 +2.304437e+03
-9.499694e+01 +2.328816e+03
-8.934018e+01 +2.351783e+03
-8.363023e+01 +2.373349e+03
-7.786958e+01 +2.393476e+03
-7.206102e+01 +2.412160e+03
-6.621035e+01 +2.429400e+03
-6.031988e+01 +2.445174e+03
-5.439195e+01 +2.459471e+03
-4.843328e+01 +2.472288e+03
-4.244589e+01 +2.483611e+03
-3.642954e+01 +2.493432e+03
-3.039000e+01 +2.501744e+03
-2.433367e+01 +2.508541e+03
-1.826281e+01 +2.513832e+03
-1.218006e+01 +2.517639e+03
-6.090894e+00 +2.519953e+03
-1.578377e-10 +2.520733e+03
-2.192291e+02 +1.777548e+03
-2.137820e+02 +1.820628e+03
-2.082098e+02 +1.862593e+03
-2.025113e+02 +1.903481e+03
-1.966837e+02 +1.943210e+03
-1.907403e+02 +1.981776e+03
-1.846866e+02 +2.019114e+03
-1.785204e+02 +2.055256e+03
-1.722452e+02 +2.090173e+03
-1.658630e+02 +2.123826e+03
-1.593798e+02 +2.156216e+03
-1.528090e+02 +2.187262e+03
-1.461509e+02 +2.216983e+03
-1.393953e+02 +2.245393e+03
-1.325510e+02 +2.272458e+03
-1.256328e+02 +2.298172e+03
-1.186403e+02 +2.322486e+03
-1.115752e+02 +2.345390e+03
-1.044431e+02 +2.366897e+03
-9.724769e+01 +2.386970e+03
-8.999546e+01 +2.405601e+03
-8.268897e+01 +2.422795e+03
-7.533058e+01 +2.438527e+03
-6.792859e+01 +2.452783e+03
-6.048782e+01 +2.465564e+03
-5.300890e+01 +2.476860e+03
-4.549531e+01 +2.486656e+03
-3.795370e+01 +2.494945e+03
-3.039004e+01 +2.501722e+03
-2.280776e+01 +2.507000e+03
-1.521094e+01 +2.510797e+03
-7.606443e+00 +2.513102e+03
-5.657887e-10 +2.513878e+03
-2.627812e+02 +1.771627e+03
-2.562630e+02 +1.814566e+03
-2.495783e+02 +1.856397e+03
-2.427362e+02 +1.897151e+03
-2.357567e+02 +1.936744e+03
-2.286375e+02 +1.975180e+03
-2.213790e+02 +2.012392e+03
-2.139908e+02 +2.048413e+03
-2.064669e+02 +2.083223e+03
-1.988108e+02 +2.116766e+03
-1.910457e+02 +2.149037e+03
-1.831726e+02 +2.179975e+03
-1.751839e+02 +2.209602e+03
-1.670872e+02 +2.237924e+03
-1.588882e+02 +2.264898e+03
-1.505934e+02 +2.290522e+03
-1.422104e+02 +2.314756e+03
-1.337411e+02 +2.337585e+03
-1.251924e+02 +2.359018e+03
-1.165705e+02 +2.379024e+03
-1.078755e+02 +2.397594e+03
-9.911494e+01 +2.414731e+03
-9.029725e+01 +2.430411e+03
-8.142546e+01 +2.444618e+03
-7.250484e+01 +2.457355e+03
-6.353990e+01 +2.468616e+03
-5.453402e+01 +2.478383e+03
-4.549455e+01 +2.486643e+03
-3.642828e+01 +2.493396e+03
-2.733897e+01 +2.498658e+03
-1.823242e+01 +2.502443e+03
-9.117288e+00 +2.504737e+03
-4.240631e-10 +2.505508e+03
-3.061818e+02 +1.764635e+03
-2.985769e+02 +1.807410e+03
-2.907917e+02 +1.849084e+03
-2.828298e+02 +1.889678e+03
-2.746907e+02 +1.929113e+03
-2.663933e+02 +1.967391e+03
-2.579429e+02 +2.004457e+03
-2.493274e+02 +2.040341e+03
-2.405553e+02 +2.075022e+03
-2.316447e+02 +2.108426e+03
-2.225995e+02 +2.140560e+03
-2.134218e+02 +2.171377e+03
-2.041161e+02 +2.200892e+03
-1.946800e+02 +2.229108e+03
-1.851240e+02 +2.255974e+03
-1.754634e+02 +2.281492e+03
-1.656964e+02 +2.305633e+03
-1.558275e+02 +2.328372e+03
-1.458678e+02 +2.349716e+03
-1.358203e+02 +2.369646e+03
-1.256900e+02 +2.388145e+03
-1.154839e+02 +2.405213e+03
-1.052087e+02 +2.420829e+03
-9.487238e+01 +2.434979e+03
-8.447913e+01 +2.447667e+03
-7.403233e+01 +2.458886e+03
-6.353957e+01 +2.468615e+03
-5.300851e+01 +2.476842e+03
-4.244472e+01 +2.483570e+03
-3.185352e+01 +2.488813e+03
-2.124280e+01 +2.492582e+03
-1.062255e+01 +2.494862e+03
-4.135090e-11 +2.495627e+03
-3.493955e+02 +1.756585e+03
-3.407203e+02 +1.799167e+03
-3.318320e+02 +1.840658e+03
-3.227348e+02 +1.881071e+03
-3.134563e+02 +1.920315e+03
-3.039987e+02 +1.958412e+03
-2.943468e+02 +1.995319e+03
-2.845123e+02 +2.031044e+03
-2.745081e+02 +2.065567e+03
-2.643374e+02 +2.098813e+03
-2.540158e+02 +2.130794e+03
-2.435450e+02 +2.161472e+03
-2.329204e+02 +2.190857e+03
-2.221550e+02 +2.218948e+03
-2.112553e+02 +2.245690e+03
-2.002259e+02 +2.271089e+03
-1.890798e+02 +2.295121e+03
-1.778209e+02 +2.317755e+03
-1.664546e+02 +2.339000e+03
-1.549899e+02 +2.358840e+03
-1.434291e+02 +2.377257e+03
-1.317810e+02 +2.394245e+03
-1.200580e+02 +2.409787e+03
-1.082633e+02 +2.423873e+03
-9.640119e+01 +2.436505e+03
-8.448011e+01 +2.447674e+03
-7.250744e+01 +2.457360e+03
-6.049052e+01 +2.465549e+03
-4.843561e+01 +2.472248e+03
-3.634888e+01 +2.477470e+03
-2.424023e+01 +2.481220e+03
-1.212138e+01 +2.483484e+03
-2.161086e-10 +2.484242e+03
-3.924007e+02 +1.747474e+03
-3.826538e+02 +1.789844e+03
-3.726666e+02 +1.831128e+03
-3.624627e+02 +1.871324e+03
-3.520430e+02 +1.910357e+03
-3.414100e+02 +1.948257e+03
-3.305723e+02 +1.984982e+03
-3.195274e+02 +2.020526e+03
-3.082866e+02 +2.054868e+03
-2.968727e+02 +2.087932e+03
-2.852857e+02 +2.119743e+03
-2.735193e+02 +2.150270e+03
-2.615871e+02 +2.179502e+03
-2.494964e+02 +2.207449e+03
-2.372526e+02 +2.234055e+03
-2.248699e+02 +2.259318e+03
-2.123523e+02 +2.283225e+03
-1.997059e+02 +2.305742e+03
-1.869423e+02 +2.326874e+03
-1.740647e+02 +2.346614e+03
-1.610804e+02 +2.364937e+03
-1.480014e+02 +2.381834e+03
-1.348348e+02 +2.397293e+03
-1.215876e+02 +2.411307e+03
-1.082658e+02 +2.423876e+03
-9.487704e+01 +2.434988e+03
-8.143147e+01 +2.444623e+03
-6.793647e+01 +2.452771e+03
-5.439729e+01 +2.459439e+03
-4.082213e+01 +2.464636e+03
-2.722312e+01 +2.468363e+03
-1.361298e+01 +2.470609e+03
-2.528063e-10 +2.471360e+03
-4.351695e+02 +1.737318e+03
-4.243487e+02 +1.779450e+03
-4.132794e+02 +1.820488e+03
-4.019632e+02 +1.860447e+03
-3.904093e+02 +1.899250e+03
-3.786245e+02 +1.936929e+03
-3.665985e+02 +1.973454e+03
-3.543460e+02 +2.008791e+03
-3.418909e+02 +2.042926e+03
-3.292307e+02 +2.075793e+03
-3.163738e+02 +2.107416e+03
-3.033299e+02 +2.137772e+03
-2.900963e+02 +2.166837e+03
-2.766871e+02 +2.194620e+03
-2.631125e+02 +2.221074e+03
-2.493759e+02 +2.246188e+03
-2.354938e+02 +2.269953e+03
-2.214737e+02 +2.292339e+03
-2.073165e+02 +2.313349e+03
-1.930342e+02 +2.332974e+03
-1.786363e+02 +2.351192e+03
-1.641312e+02 +2.367988e+03
-1.495307e+02 +2.383355e+03
-1.348395e+02 +2.397289e+03
-1.200642e+02 +2.409787e+03
-1.052169e+02 +2.420834e+03
-9.030712e+01 +2.430413e+03
-7.534129e+01 +2.438516e+03
-6.032599e+01 +2.445149e+03
-4.527083e+01 +2.450318e+03
-3.018970e+01 +2.454020e+03
-1.509654e+01 +2.456246e+03
+7.189380e-12 +2.456988e+03
-4.776679e+02 +1.726119e+03
-4.658006e+02 +1.767982e+03
-4.536461e+02 +1.808753e+03
-4.412287e+02 +1.848444e+03
-4.285507e+02 +1.886997e+03
-4.156011e+02 +1.924442e+03
-4.023967e+02 +1.960740e+03
-3.889556e+02 +1.995841e+03
-3.752827e+02 +2.029751e+03
-3.613894e+02 +2.062404e+03
-3.472817e+02 +2.093820e+03
-3.329564e+02 +2.123988e+03
-3.184288e+02 +2.152866e+03
-3.037118e+02 +2.180468e+03
-2.888086e+02 +2.206756e+03
-2.737340e+02 +2.231704e+03
-2.584979e+02 +2.255311e+03
-2.431047e+02 +2.277556e+03
-2.275656e+02 +2.298431e+03
-2.118881e+02 +2.317930e+03
-1.960833e+02 +2.336029e+03
-1.801641e+02 +2.352713e+03
-1.641367e+02 +2.367981e+03
-1.480087e+02 +2.381828e+03
-1.317908e+02 +2.394246e+03
-1.154938e+02 +2.405221e+03
-9.912818e+01 +2.414737e+03
-8.270074e+01 +2.422792e+03
-6.621814e+01 +2.429388e+03
-4.969217e+01 +2.434525e+03
-3.313843e+01 +2.438198e+03
-1.657131e+01 +2.440402e+03
-3.441934e-11 +2.441136e+03
-5.198831e+02 +1.713881e+03
-5.069558e+02 +1.755450e+03
-4.937384e+02 +1.795921e+03
-4.802300e+02 +1.835324e+03
-4.664208e+02 +1.873616e+03
-4.523291e+02 +1.910798e+03
-4.379633e+02 +1.946842e+03
-4.233301e+02 +1.981689e+03
-4.084532e+02 +2.015350e+03
-3.933320e+02 +2.047773e+03
-3.779690e+02 +2.078966e+03
-3.623834e+02 +2.108923e+03
-3.465744e+02 +2.137600e+03
-3.305512e+02 +2.165005e+03
-3.143337e+02 +2.191106e+03
-2.979270e+02 +2.215875e+03
-2.813428e+02 +2.239312e+03
-2.645921e+02 +2.261400e+03
-2.476773e+02 +2.282130e+03
-2.306131e+02 +2.301490e+03
-2.134143e+02 +2.319457e+03
-1.960877e+02 +2.336021e+03
-1.786431e+02 +2.351182e+03
-1.610894e+02 +2.364933e+03
-1.434376e+02 +2.377263e+03
-1.257013e+02 +2.388157e+03
-1.078899e+02 +2.397607e+03
-9.000989e+01 +2.405610e+03
-7.207002e+01 +2.412165e+03
-5.408376e+01 +2.417266e+03
-3.606761e+01 +2.420907e+03
-1.803649e+01 +2.423088e+03
+2.870799e-10 +2.423813e+03
-5.617779e+02 +1.700617e+03
-5.478250e+02 +1.741851e+03
-5.335446e+02 +1.782003e+03
-5.189369e+02 +1.821106e+03
-5.040154e+02 +1.859109e+03
-4.887824e+02 +1.896005e+03
-4.732537e+02 +1.931771e+03
-4.574518e+02 +1.966338e+03
-4.413784e+02 +1.999733e+03
-4.250358e+02 +2.031911e+03
-4.084388e+02 +2.062860e+03
-3.915912e+02 +2.092587e+03
-3.745037e+02 +2.121048e+03
-3.571940e+02 +2.148238e+03
-3.396686e+02 +2.174136e+03
-3.219409e+02 +2.198711e+03
-3.040222e+02 +2.221963e+03
-2.859168e+02 +2.243884e+03
-2.676387e+02 +2.264454e+03
-2.492015e+02 +2.283661e+03
-2.306160e+02 +2.301487e+03
-2.118937e+02 +2.317922e+03
-1.930421e+02 +2.332967e+03
-1.740721e+02 +2.346613e+03
-1.549986e+02 +2.358846e+03
-1.358336e+02 +2.369654e+03
-1.165862e+02 +2.379033e+03
-9.726439e+01 +2.386980e+03
-7.787823e+01 +2.393489e+03
-5.844293e+01 +2.398551e+03
-3.897571e+01 +2.402158e+03
-1.949129e+01 +2.404314e+03
+7.039937e-11 +2.405031e+03
-6.033426e+02 +1.686317e+03
-5.883559e+02 +1.727199e+03
-5.730154e+02 +1.767016e+03
-5.573323e+02 +1.805791e+03
-5.413012e+02 +1.843487e+03
-5.249411e+02 +1.880070e+03
-5.082753e+02 +1.915529e+03
-4.912997e+02 +1.949804e+03
-4.740318e+02 +1.982913e+03
-4.564851e+02 +2.014823e+03
-4.386557e+02 +2.045514e+03
-4.205622e+02 +2.074993e+03
-4.022145e+02 +2.103218e+03
-3.836191e+02 +2.130177e+03
-3.647991e+02 +2.155853e+03
-3.457627e+02 +2.180220e+03
-3.265147e+02 +2.203279e+03
-3.070705e+02 +2.225017e+03
-2.874404e+02 +2.245414e+03
-2.676386e+02 +2.264456e+03
-2.476802e+02 +2.282129e+03
-2.275716e+02 +2.298428e+03
-2.073236e+02 +2.313349e+03
-1.869507e+02 +2.326880e+03
-1.664666e+02 +2.339007e+03
-1.458840e+02 +2.349723e+03
-1.252121e+02 +2.359026e+03
-1.044596e+02 +2.366913e+03
-8.363919e+01 +2.373372e+03
-6.276733e+01 +2.378390e+03
-4.186102e+01 +2.381961e+03
-2.093490e+01 +2.384093e+03
-1.728345e-10 +2.384801e+03
-6.445470e+02 +1.671000e+03
-6.285401e+02 +1.711506e+03
-6.121552e+02 +1.750965e+03
-5.953868e+02 +1.789396e+03
-5.782571e+02 +1.826757e+03
-5.607857e+02 +1.862997e+03
-5.429785e+02 +1.898133e+03
-5.248503e+02 +1.932096e+03
-5.064099e+02 +1.964896e+03
-4.876580e+02 +1.996523e+03
-4.686112e+02 +2.026937e+03
-4.492804e+02 +2.056148e+03
-4.296752e+02 +2.084122e+03
-4.098163e+02 +2.110832e+03
-3.897130e+02 +2.136270e+03
-3.693737e+02 +2.160418e+03
-3.488123e+02 +2.183268e+03
-3.280381e+02 +2.204810e+03
-3.070678e+02 +2.225020e+03
-2.859171e+02 +2.243885e+03
-2.645946e+02 +2.261397e+03
-2.431116e+02 +2.277550e+03
-2.214808e+02 +2.292337e+03
-1.997165e+02 +2.305744e+03
-1.778348e+02 +2.317758e+03
-1.558467e+02 +2.328377e+03
-1.337618e+02 +2.337600e+03
-1.115912e+02 +2.345421e+03
-8.934971e+01 +2.351824e+03
-6.705437e+01 +2.356795e+03
-4.472190e+01 +2.360328e+03
-2.236644e+01 +2.362436e+03
+5.992541e-12 +2.363136e+03
-6.853597e+02 +1.654672e+03
-6.683417e+02 +1.694780e+03
-6.509069e+02 +1.733870e+03
-6.330805e+02 +1.771923e+03
-6.148756e+02 +1.808921e+03
-5.962944e+02 +1.844806e+03
-5.773639e+02 +1.879588e+03
-5.580879e+02 +1.913221e+03
-5.384715e+02 +1.945700e+03
-5.185373e+02 +1.977019e+03
-4.982843e+02 +2.007142e+03
-4.777252e+02 +2.036069e+03
-4.568836e+02 +2.063767e+03
-4.357664e+02 +2.090214e+03
-4.143891e+02 +2.115401e+03
-3.927642e+02 +2.139315e+03
-3.708975e+02 +2.161945e+03
-3.488084e+02 +2.183274e+03
-3.265130e+02 +2.203284e+03
-3.040223e+02 +2.221962e+03
-2.813495e+02 +2.239303e+03
-2.585052e+02 +2.255301e+03
-2.355039e+02 +2.269944e+03
-2.123630e+02 +2.283217e+03
-1.890963e+02 +2.295112e+03
-1.657150e+02 +2.305629e+03
-1.422301e+02 +2.314767e+03
-1.186550e+02 +2.322516e+03
-9.500638e+01 +2.328859e+03
-7.130167e+01 +2.333778e+03
-4.755657e+01 +2.337273e+03
-2.378496e+01 +2.339358e+03
-3.766341e-10 +2.340050e+03
-7.257723e+02 +1.637347e+03
-7.077386e+02 +1.677044e+03
-6.892760e+02 +1.715732e+03
-6.703948e+02 +1.753383e+03
-6.511098e+02 +1.789996e+03
-6.314432e+02 +1.825498e+03
-6.113998e+02 +1.859909e+03
-5.909869e+02 +1.893196e+03
-5.702202e+02 +1.925331e+03
-5.491035e+02 +1.956326e+03
-5.276517e+02 +1.986141e+03
-5.058852e+02 +2.014761e+03
-4.838139e+02 +2.042168e+03
-4.614549e+02 +2.068335e+03
-4.388193e+02 +2.093258e+03
-4.159146e+02 +2.116925e+03
-3.927597e+02 +2.139319e+03
-3.693702e+02 +2.160422e+03
-3.457606e+02 +2.180219e+03
-3.219454e+02 +2.198700e+03
-2.979344e+02 +2.215862e+03
-2.737422e+02 +2.231694e+03
-2.493862e+02 +2.246182e+03
-2.248821e+02 +2.259314e+03
-2.002439e+02 +2.271084e+03
-1.754829e+02 +2.281494e+03
-1.506118e+02 +2.290541e+03
-1.256469e+02 +2.298213e+03
-1.006061e+02 +2.304488e+03
-7.550660e+01 +2.309354e+03
-5.036320e+01 +2.312810e+03
-2.518951e+01 +2.314872e+03
+1.524816e-10 +2.315557e+03
-7.657262e+02 +1.619045e+03
-7.467027e+02 +1.658296e+03
-7.272248e+02 +1.696562e+03
-7.073044e+02 +1.733790e+03
-6.869691e+02 +1.769984e+03
-6.662169e+02 +1.805091e+03
-6.450646e+02 +1.839111e+03
-6.235322e+02 +1.872025e+03
-6.016162e+02 +1.903807e+03
-5.793360e+02 +1.934457e+03
-5.567072e+02 +1.963941e+03
-5.337389e+02 +1.992240e+03
-5.104556e+02 +2.019336e+03
-4.868667e+02 +2.045210e+03
-4.629805e+02 +2.069857e+03
-4.388158e+02 +2.093261e+03
-4.143861e+02 +2.115403e+03
-3.897093e+02 +2.136267e+03
-3.648019e+02 +2.155839e+03
-3.396736e+02 +2.174115e+03
-3.143390e+02 +2.191088e+03
-2.888150e+02 +2.206743e+03
-2.631186e+02 +2.221066e+03
-2.372663e+02 +2.234049e+03
-2.112707e+02 +2.245689e+03
-1.851441e+02 +2.255987e+03
-1.589021e+02 +2.264937e+03
-1.325630e+02 +2.272523e+03
-1.061456e+02 +2.278727e+03
-7.966665e+01 +2.283536e+03
-5.313987e+01 +2.286954e+03
-2.657902e+01 +2.288994e+03
-4.527277e-11 +2.289672e+03
-8.052355e+02 +1.599770e+03
-7.852205e+02 +1.638555e+03
-7.647312e+02 +1.676370e+03
-7.437897e+02 +1.713146e+03
-7.224023e+02 +1.748905e+03
-7.005851e+02 +1.783596e+03
-6.783503e+02 +1.817203e+03
-6.557001e+02 +1.849731e+03
-6.326523e+02 +1.881138e+03
-6.092213e+02 +1.911423e+03
-5.854208e+02 +1.940559e+03
-5.612743e+02 +1.968515e+03
-5.367912e+02 +1.995286e+03
-5.119825e+02 +2.020855e+03
-4.868649e+02 +2.045210e+03
-4.614515e+02 +2.068336e+03
-4.357629e+02 +2.090212e+03
-4.098161e+02 +2.110823e+03
-3.836223e+02 +2.130162e+03
-3.571967e+02 +2.148223e+03
-3.305545e+02 +2.164994e+03
-3.037139e+02 +2.180461e+03
-2.766936e+02 +2.194611e+03
-2.495077e+02 +2.207438e+03
-2.221693e+02 +2.218943e+03
-1.946928e+02 +2.229123e+03
-1.670960e+02 +2.237969e+03
-1.393994e+02 +2.245464e+03
-1.116218e+02 +2.251590e+03
-8.377912e+01 +2.256341e+03
-5.588463e+01 +2.259720e+03
-2.795245e+01 +2.261739e+03
-1.254273e-10 +2.262410e+03
-8.442408e+02 +1.579538e+03
-8.232584e+02 +1.617829e+03
-8.017895e+02 +1.655160e+03
-7.798316e+02 +1.691474e+03
-7.574096e+02 +1.726770e+03
-7.345378e+02 +1.761020e+03
-7.112169e+02 +1.794205e+03
-6.874707e+02 +1.826322e+03
-6.633059e+02 +1.857339e+03
-6.387365e+02 +1.887241e+03
-6.137891e+02 +1.916003e+03
-5.884723e+02 +1.943604e+03
-5.628010e+02 +1.970036e+03
-5.367910e+02 +1.995283e+03
-5.104534e+02 +2.019333e+03
-4.838104e+02 +2.042164e+03
-4.568798e+02 +2.063759e+03
-4.296750e+02 +2.084108e+03
-4.022118e+02 +2.103203e+03
-3.745041e+02 +2.121037e+03
-3.465706e+02 +2.137595e+03
-3.184312e+02 +2.152863e+03
-2.901024e+02 +2.166832e+03
-2.615984e+02 +2.179498e+03
-2.329331e+02 +2.190862e+03
-2.041232e+02 +2.200918e+03
-1.751892e+02 +2.209653e+03
-1.461523e+02 +2.217049e+03
-1.170314e+02 +2.223094e+03
-8.784134e+01 +2.227785e+03
-5.859547e+01 +2.231125e+03
-2.930874e+01 +2.233124e+03
+3.457113e-10 +2.233789e+03
-8.827449e+02 +1.558354e+03
-8.608072e+02 +1.596125e+03
-8.383511e+02 +1.632953e+03
-8.153996e+02 +1.668778e+03
-7.919619e+02 +1.703591e+03
-7.680438e+02 +1.737388e+03
-7.436630e+02 +1.770128e+03
-7.188277e+02 +1.801817e+03
-6.935556e+02 +1.832422e+03
-6.678712e+02 +1.861918e+03
-6.417855e+02 +1.890292e+03
-6.153153e+02 +1.917522e+03
-5.884739e+02 +1.943600e+03
-5.612731e+02 +1.968513e+03
-5.337358e+02 +1.992238e+03
-5.058797e+02 +2.014759e+03
-4.777210e+02 +2.036062e+03
-4.492760e+02 +2.056137e+03
-4.205579e+02 +2.074979e+03
-3.915855e+02 +2.092574e+03
-3.623792e+02 +2.108908e+03
-3.329574e+02 +2.123968e+03
-3.033366e+02 +2.137748e+03
-2.735307e+02 +2.150248e+03
-2.435552e+02 +2.161464e+03
-2.134300e+02 +2.171388e+03
-1.831770e+02 +2.180004e+03
-1.528180e+02 +2.187296e+03
-1.223710e+02 +2.193257e+03
-9.185053e+01 +2.197886e+03
-6.127044e+01 +2.201187e+03
-3.064685e+01 +2.203165e+03
+3.019276e-10 +2.203824e+03
-9.207182e+02 +1.536226e+03
-8.978372e+02 +1.573464e+03
-8.744235e+02 +1.609757e+03
-8.504864e+02 +1.645072e+03
-8.260331e+02 +1.679390e+03
-8.010879e+02 +1.712705e+03
-7.756529e+02 +1.744989e+03
-7.497469e+02 +1.776230e+03
-7.233937e+02 +1.806398e+03
-6.966035e+02 +1.835473e+03
-6.693976e+02 +1.863441e+03
-6.417885e+02 +1.890285e+03
-6.137878e+02 +1.915997e+03
-5.854185e+02 +1.940555e+03
-5.566978e+02 +1.963941e+03
-5.276445e+02 +1.986139e+03
-4.982759e+02 +2.007138e+03
-4.686049e+02 +2.026930e+03
-4.386502e+02 +2.045506e+03
-4.084320e+02 +2.062850e+03
-3.779704e+02 +2.078948e+03
-3.472840e+02 +2.093792e+03
-3.163877e+02 +2.107378e+03
-2.852968e+02 +2.119705e+03
-2.540296e+02 +2.130767e+03
-2.226080e+02 +2.140550e+03
-1.910552e+02 +2.149040e+03
-1.593925e+02 +2.156224e+03
-1.276372e+02 +2.162098e+03
-9.580394e+01 +2.166663e+03
-6.390761e+01 +2.169924e+03
-3.196582e+01 +2.171881e+03
-8.521271e-11 +2.172533e+03
-9.581293e+02 +1.513173e+03
-9.343256e+02 +1.549848e+03
-9.099633e+02 +1.585588e+03
-8.850540e+02 +1.620377e+03
-8.596140e+02 +1.654177e+03
-8.336477e+02 +1.686997e+03
-8.071754e+02 +1.718802e+03
-7.802189e+02 +1.749570e+03
-7.527925e+02 +1.779285e+03
-7.249181e+02 +1.807920e+03
-6.966068e+02 +1.835467e+03
-6.678715e+02 +1.861914e+03
-6.387340e+02 +1.887240e+03
-6.092115e+02 +1.911428e+03
-5.793253e+02 +1.934460e+03
-5.490933e+02 +1.956322e+03
-5.185291e+02 +1.977007e+03
-4.876510e+02 +1.996504e+03
-4.564786e+02 +2.014801e+03
-4.250332e+02 +2.031881e+03
-3.933353e+02 +2.047735e+03
-3.614014e+02 +2.062355e+03
-3.292471e+02 +2.075741e+03
-2.968897e+02 +2.087888e+03
-2.643502e+02 +2.098787e+03
-2.316523e+02 +2.108421e+03
-1.988194e+02 +2.116778e+03
-1.658718e+02 +2.123850e+03
-1.328265e+02 +2.129635e+03
-9.969887e+01 +2.134136e+03
-6.650520e+01 +2.137355e+03
-3.326477e+01 +2.139288e+03
-2.447025e-10 +2.139934e+03
-9.949781e+02 +1.489201e+03
-9.702617e+02 +1.525296e+03
-9.449593e+02 +1.560465e+03
-9.190940e+02 +1.594700e+03
-8.926670e+02 +1.627974e+03
-8.657001e+02 +1.660276e+03
-8.382132e+02 +1.691577e+03
-8.102194e+02 +1.721857e+03
-7.817436e+02 +1.751096e+03
-7.527968e+02 +1.779278e+03
-7.233929e+02 +1.806392e+03
-6.935532e+02 +1.832420e+03
-6.632942e+02 +1.857345e+03
-6.326389e+02 +1.881147e+03
-6.016061e+02 +1.903811e+03
-5.702101e+02 +1.925327e+03
-5.384697e+02 +1.945686e+03
-5.064031e+02 +1.964876e+03
-4.740326e+02 +1.982881e+03
-4.413801e+02 +1.999687e+03
-4.084638e+02 +2.015287e+03
-3.753004e+02 +2.029678e+03
-3.419066e+02 +2.042856e+03
-3.083024e+02 +2.054816e+03
-2.745113e+02 +2.065542e+03
-2.405579e+02 +2.075020e+03
-2.064649e+02 +2.083240e+03
-1.722518e+02 +2.090195e+03
-1.379356e+02 +2.095890e+03
-1.035327e+02 +2.100325e+03
-6.906153e+01 +2.103499e+03
-3.454292e+01 +2.105408e+03
+9.670212e-12 +2.106045e+03
-1.031220e+03 +1.464329e+03
-1.005605e+03 +1.499823e+03
-9.793895e+02 +1.534401e+03
-9.525754e+02 +1.568069e+03
-9.251845e+02 +1.600793e+03
-8.972348e+02 +1.632554e+03
-8.687437e+02 +1.663334e+03
-8.397360e+02 +1.693102e+03
-8.102227e+02 +1.721852e+03
-7.802191e+02 +1.749566e+03
-7.497445e+02 +1.776229e+03
-7.188156e+02 +1.801824e+03
-6.874569e+02 +1.826330e+03
-6.556875e+02 +1.849731e+03
-6.235235e+02 +1.872015e+03
-5.909835e+02 +1.893174e+03
-5.580849e+02 +1.913195e+03
-5.248505e+02 +1.932063e+03
-4.913029e+02 +1.949764e+03
-4.574622e+02 +1.966287e+03
-4.233463e+02 +1.981626e+03
-3.889720e+02 +1.995781e+03
-3.543585e+02 +2.008745e+03
-3.195287e+02 +2.020507e+03
-2.845076e+02 +2.031052e+03
-2.493198e+02 +2.040367e+03
-2.139871e+02 +2.048444e+03
-1.785283e+02 +2.055282e+03
-1.429608e+02 +2.060883e+03
-1.073030e+02 +2.065249e+03
-7.157509e+01 +2.068377e+03
-3.579958e+01 +2.070258e+03
+4.792580e-10 +2.070886e+03
-1.066850e+03 +1.438575e+03
-1.040353e+03 +1.473441e+03
-1.013222e+03 +1.507419e+03
-9.854790e+02 +1.540496e+03
-9.571418e+02 +1.572647e+03
-9.282257e+02 +1.603850e+03
-8.987573e+02 +1.634083e+03
-8.687473e+02 +1.663328e+03
-8.382125e+02 +1.691573e+03
-8.071719e+02 +1.718802e+03
-7.756415e+02 +1.744998e+03
-7.436470e+02 +1.770141e+03
-7.112076e+02 +1.794212e+03
-6.783409e+02 +1.817200e+03
-6.450658e+02 +1.839093e+03
-6.113993e+02 +1.859882e+03
-5.773641e+02 +1.879551e+03
-5.429834e+02 +1.898085e+03
-5.082786e+02 +1.915471e+03
-4.732693e+02 +1.931702e+03
-4.379727e+02 +1.946774e+03
-4.024074e+02 +1.960685e+03
-3.665957e+02 +1.973425e+03
-3.305624e+02 +1.984980e+03
-2.943335e+02 +1.995336e+03
-2.579329e+02 +2.004482e+03
-2.213812e+02 +2.012413e+03
-1.846970e+02 +2.019130e+03
-1.478989e+02 +2.024637e+03
-1.110073e+02 +2.028932e+03
-7.404453e+01 +2.032009e+03
-3.703413e+01 +2.033860e+03
-4.958561e-11 +2.034478e+03
-1.101837e+03 +1.411952e+03
-1.074466e+03 +1.446178e+03
-1.046446e+03 +1.479532e+03
-1.017791e+03 +1.511997e+03
-9.885218e+02 +1.543556e+03
-9.586635e+02 +1.574175e+03
-9.282282e+02 +1.603847e+03
-8.972337e+02 +1.632552e+03
-8.656973e+02 +1.660276e+03
-8.336355e+02 +1.687005e+03
-8.010739e+02 +1.712714e+03
-7.680323e+02 +1.737388e+03
-7.345302e+02 +1.761012e+03
-7.005863e+02 +1.783574e+03
-6.662177e+02 +1.805065e+03
-6.314468e+02 +1.825470e+03
-5.962968e+02 +1.844773e+03
-5.607907e+02 +1.862961e+03
-5.249494e+02 +1.880023e+03
-4.887908e+02 +1.895955e+03
-4.523335e+02 +1.910753e+03
-4.155988e+02 +1.924412e+03
-3.786113e+02 +1.936918e+03
-3.413978e+02 +1.948257e+03
-3.039838e+02 +1.958415e+03
-2.663918e+02 +1.967387e+03
-2.286421e+02 +1.975169e+03
-1.907537e+02 +1.981764e+03
-1.527467e+02 +1.987173e+03
-1.146437e+02 +1.991393e+03
-7.646860e+01 +1.994417e+03
-3.824602e+01 +1.996236e+03
-2.137618e-10 +1.996843e+03
-1.136157e+03 +1.384485e+03
-1.107930e+03 +1.418045e+03
-1.079034e+03 +1.450754e+03
-1.049486e+03 +1.482590e+03
-1.019312e+03 +1.513528e+03
-9.885239e+02 +1.543552e+03
-9.571409e+02 +1.572645e+03
-9.251798e+02 +1.600794e+03
-8.926571e+02 +1.627983e+03
-8.595989e+02 +1.654189e+03
-8.260250e+02 +1.679396e+03
-7.919561e+02 +1.703588e+03
-7.574114e+02 +1.726751e+03
-7.224078e+02 +1.748877e+03
-6.869679e+02 +1.769951e+03
-6.511146e+02 +1.789958e+03
-6.148719e+02 +1.808882e+03
-5.782620e+02 +1.826713e+03
-5.413039e+02 +1.843443e+03
-5.040163e+02 +1.859069e+03
-4.664198e+02 +1.873585e+03
-4.285385e+02 +1.886981e+03
-3.903993e+02 +1.899243e+03
-3.520291e+02 +1.910357e+03
-3.134524e+02 +1.920312e+03
-2.746911e+02 +1.929105e+03
-2.357650e+02 +1.936737e+03
-1.966944e+02 +1.943207e+03
-1.575013e+02 +1.948515e+03
-1.182101e+02 +1.952656e+03
-7.884614e+01 +1.955623e+03
-3.943472e+01 +1.957407e+03
-6.751192e-11 +1.958002e+03
-1.169792e+03 +1.356186e+03
-1.140727e+03 +1.389062e+03
-1.110973e+03 +1.421105e+03
-1.080555e+03 +1.452283e+03
-1.049487e+03 +1.482588e+03
-1.017789e+03 +1.511998e+03
-9.854757e+02 +1.540498e+03
-9.525647e+02 +1.568076e+03
-9.190813e+02 +1.594707e+03
-8.850458e+02 +1.620376e+03
-8.504802e+02 +1.645065e+03
-8.154040e+02 +1.668760e+03
-7.798344e+02 +1.691452e+03
-7.437937e+02 +1.713127e+03
-7.073046e+02 +1.733770e+03
-6.703918e+02 +1.753365e+03
-6.330788e+02 +1.771899e+03
-5.953855e+02 +1.789364e+03
-5.573312e+02 +1.805755e+03
-5.189359e+02 +1.821067e+03
-4.802233e+02 +1.835291e+03
-4.412198e+02 +1.848414e+03
-4.019533e+02 +1.860422e+03
-3.624501e+02 +1.871303e+03
-3.227337e+02 +1.881050e+03
-2.828251e+02 +1.889662e+03
-2.427450e+02 +1.897139e+03
-2.025152e+02 +1.903481e+03
-1.621598e+02 +1.908685e+03
-1.217046e+02 +1.912743e+03
-8.117602e+01 +1.915649e+03
-4.059971e+01 +1.917396e+03
-1.089347e-10 +1.917979e+03
-1.202716e+03 +1.327072e+03
-1.172831e+03 +1.359244e+03
-1.142246e+03 +1.390593e+03
-1.110973e+03 +1.421102e+03
-1.079033e+03 +1.450754e+03
-1.046441e+03 +1.479534e+03
-1.013214e+03 +1.507427e+03
-9.793774e+02 +1.534412e+03
-9.449525e+02 +1.560470e+03
-9.099616e+02 +1.585584e+03
-8.744246e+02 +1.609741e+03
-8.383591e+02 +1.632929e+03
-8.017871e+02 +1.655135e+03
-7.647312e+02 +1.676346e+03
-7.272167e+02 +1.696543e+03
-6.892676e+02 +1.715714e+03
-6.509053e+02 +1.733848e+03
-6.121497e+02 +1.750939e+03
-5.730205e+02 +1.766983e+03
-5.335407e+02 +1.781972e+03
-4.937365e+02 +1.795893e+03
-4.536361e+02 +1.808733e+03
-4.132670e+02 +1.820478e+03
-3.726546e+02 +1.831119e+03
-3.318213e+02 +1.840654e+03
-2.907883e+02 +1.849082e+03
-2.495776e+02 +1.856402e+03
-2.082128e+02 +1.862612e+03
-1.667197e+02 +1.867706e+03
-1.251255e+02 +1.871678e+03
-8.345715e+01 +1.874521e+03
-4.174044e+01 +1.876229e+03
+8.057146e-11 +1.876799e+03
-1.234916e+03 +1.297161e+03
-1.204237e+03 +1.328602e+03
-1.172832e+03 +1.359243e+03
-1.140724e+03 +1.389063e+03
-1.107926e+03 +1.418048e+03
-1.074458e+03 +1.446184e+03
-1.040342e+03 +1.473447e+03
-1.005601e+03 +1.499822e+03
-9.702571e+02 +1.525289e+03
-9.343311e+02 +1.549835e+03
-8.978409e+02 +1.573449e+03
-8.608085e+02 +1.596116e+03
-8.232562e+02 +1.617823e+03
-7.852095e+02 +1.638553e+03
-7.466933e+02 +1.658291e+03
-7.077298e+02 +1.677027e+03
-6.683398e+02 +1.694753e+03
-6.285431e+02 +1.711463e+03
-5.883621e+02 +1.727151e+03
-5.478225e+02 +1.741806e+03
-5.069526e+02 +1.755413e+03
-4.657808e+02 +1.767959e+03
-4.243340e+02 +1.779434e+03
-3.826360e+02 +1.789831e+03
-3.407091e+02 +1.799150e+03
-2.985753e+02 +1.807390e+03
-2.562583e+02 +1.814548e+03
-2.137837e+02 +1.820622e+03
-1.711787e+02 +1.825603e+03
-1.284712e+02 +1.829485e+03
-8.568835e+01 +1.832262e+03
-4.285631e+01 +1.833930e+03
-4.496408e-11 +1.834486e+03
-1.266377e+03 +1.266462e+03
-1.234917e+03 +1.297159e+03
-1.202715e+03 +1.327073e+03
-1.169786e+03 +1.356189e+03
-1.136149e+03 +1.384492e+03
-1.101829e+03 +1.411961e+03
-1.066844e+03 +1.438579e+03
-1.031221e+03 +1.464326e+03
-9.949791e+02 +1.489188e+03
-9.581366e+02 +1.513154e+03
-9.207157e+02 +1.536210e+03
-8.827384e+02 +1.558342e+03
-8.442304e+02 +1.579534e+03
-8.052173e+02 +1.599770e+03
-7.657220e+02 +1.619038e+03
-7.257661e+02 +1.637330e+03
-6.853698e+02 +1.654640e+03
-6.445550e+02 +1.670961e+03
-6.033470e+02 +1.686282e+03
-5.617739e+02 +1.700591e+03
-5.198647e+02 +1.713874e+03
-4.776473e+02 +1.726117e+03
-4.351472e+02 +1.737315e+03
-3.923875e+02 +1.747465e+03
-3.493910e+02 +1.756564e+03
-3.061810e+02 +1.764612e+03
-2.627832e+02 +1.771605e+03
-2.192249e+02 +1.777537e+03
-1.755344e+02 +1.782400e+03
-1.317398e+02 +1.786189e+03
-8.786845e+01 +1.788898e+03
-4.394671e+01 +1.790524e+03
-2.887161e-10 +1.791066e+03
